SMITH	1.53	1.53	1
JOHNSON	1.2	2.73	2
WILLIAMS	0.99	3.72	3
BROWN	0.89	4.62	4
JONES	0.88	5.5	5
MILLER	0.73	6.22	6
DAVIS	0.69	6.92	7
GARCIA	0.55	7.47	8
RODRIGUEZ	0.52	7.99	9
WILSON	0.51	8.49	10
MARTINEZ	0.5	8.99	11
ANDERSON	0.49	9.49	12
TAYLOR	0.47	9.95	13
THOMAS	0.46	10.41	14
HERNANDEZ	0.46	10.87	15
MOORE	0.45	11.32	16
MARTIN	0.43	11.75	17
JACKSON	0.43	12.18	18
THOMPSON	0.42	12.6	19
WHITE	0.41	13.01	20
LOPEZ	0.4	13.41	21
LEE	0.39	13.8	22
GONZALEZ	0.39	14.19	23
HARRIS	0.38	14.57	24
CLARK	0.35	14.93	25
LEWIS	0.33	15.25	26
ROBINSON	0.33	15.58	27
WALKER	0.32	15.9	28
PEREZ	0.32	16.22	29
HALL	0.31	16.52	30
YOUNG	0.3	16.83	31
ALLEN	0.3	17.12	32
SANCHEZ	0.29	17.41	33
WRIGHT	0.28	17.69	34
KING	0.28	17.98	35
SCOTT	0.27	18.25	36
GREEN	0.27	18.51	37
BAKER	0.27	18.78	38
ADAMS	0.27	19.05	39
NELSON	0.27	19.31	40
HILL	0.27	19.58	41
RAMIREZ	0.25	19.83	42
CAMPBELL	0.24	20.07	43
MITCHELL	0.24	20.31	44
ROBERTS	0.24	20.54	45
CARTER	0.23	20.78	46
PHILLIPS	0.23	21.01	47
EVANS	0.22	21.23	48
TURNER	0.22	21.44	49
TORRES	0.21	21.65	50
PARKER	0.21	21.86	51
COLLINS	0.21	22.07	52
EDWARDS	0.21	22.27	53
STEWART	0.2	22.47	54
FLORES	0.2	22.68	55
MORRIS	0.2	22.88	56
NGUYEN	0.2	23.08	57
MURPHY	0.19	23.27	58
RIVERA	0.19	23.46	59
COOK	0.19	23.65	60
ROGERS	0.19	23.84	61
MORGAN	0.18	24.02	62
PETERSON	0.18	24.2	63
COOPER	0.17	24.37	64
REED	0.17	24.55	65
BAILEY	0.17	24.72	66
BELL	0.17	24.89	67
GOMEZ	0.17	25.06	68
KELLY	0.17	25.23	69
HOWARD	0.17	25.39	70
WARD	0.16	25.56	71
COX	0.16	25.72	72
DIAZ	0.16	25.88	73
RICHARDSON	0.16	26.05	74
WOOD	0.16	26.21	75
WATSON	0.16	26.36	76
BROOKS	0.16	26.52	77
BENNETT	0.15	26.67	78
GRAY	0.15	26.82	79
JAMES	0.15	26.98	80
REYES	0.15	27.13	81
CRUZ	0.15	27.27	82
HUGHES	0.15	27.42	83
PRICE	0.15	27.57	84
MYERS	0.15	27.72	85
LONG	0.14	27.86	86
FOSTER	0.14	28	87
SANDERS	0.14	28.15	88
ROSS	0.14	28.29	89
MORALES	0.14	28.43	90
POWELL	0.14	28.57	91
SULLIVAN	0.14	28.71	92
RUSSELL	0.14	28.85	93
ORTIZ	0.14	28.99	94
JENKINS	0.14	29.12	95
GUTIERREZ	0.14	29.26	96
PERRY	0.14	29.4	97
BUTLER	0.14	29.53	98
BARNES	0.14	29.67	99
FISHER	0.14	29.81	100
HENDERSON	0.14	29.94	101
COLEMAN	0.14	30.08	102
SIMMONS	0.13	30.21	103
PATTERSON	0.13	30.33	104
JORDAN	0.13	30.46	105
REYNOLDS	0.13	30.59	106
HAMILTON	0.13	30.71	107
GRAHAM	0.13	30.84	108
KIM	0.13	30.96	109
GONZALES	0.13	31.09	110
ALEXANDER	0.13	31.21	111
RAMOS	0.13	31.34	112
WALLACE	0.12	31.46	113
GRIFFIN	0.12	31.58	114
WEST	0.12	31.71	115
COLE	0.12	31.83	116
HAYES	0.12	31.95	117
CHAVEZ	0.12	32.07	118
GIBSON	0.12	32.19	119
BRYANT	0.12	32.31	120
ELLIS	0.12	32.42	121
STEVENS	0.12	32.54	122
MURRAY	0.12	32.65	123
FORD	0.12	32.77	124
MARSHALL	0.11	32.88	125
OWENS	0.11	33	126
MCDONALD	0.11	33.11	127
HARRISON	0.11	33.22	128
RUIZ	0.11	33.34	129
KENNEDY	0.11	33.45	130
WELLS	0.11	33.56	131
ALVAREZ	0.11	33.67	132
WOODS	0.11	33.78	133
MENDOZA	0.11	33.89	134
CASTILLO	0.11	33.99	135
OLSON	0.11	34.1	136
WEBB	0.11	34.2	137
WASHINGTON	0.11	34.31	138
TUCKER	0.11	34.41	139
FREEMAN	0.11	34.52	140
BURNS	0.11	34.62	141
HENRY	0.1	34.73	142
VASQUEZ	0.1	34.83	143
SNYDER	0.1	34.93	144
SIMPSON	0.1	35.04	145
CRAWFORD	0.1	35.14	146
JIMENEZ	0.1	35.24	147
PORTER	0.1	35.34	148
MASON	0.1	35.44	149
SHAW	0.1	35.54	150
GORDON	0.1	35.64	151
WAGNER	0.1	35.74	152
HUNTER	0.1	35.84	153
ROMERO	0.1	35.94	154
HICKS	0.1	36.04	155
DIXON	0.1	36.14	156
HUNT	0.1	36.24	157
PALMER	0.1	36.33	158
ROBERTSON	0.1	36.43	159
BLACK	0.1	36.53	160
HOLMES	0.1	36.62	161
STONE	0.1	36.72	162
MEYER	0.1	36.82	163
BOYD	0.1	36.91	164
MILLS	0.1	37.01	165
WARREN	0.1	37.11	166
FOX	0.1	37.2	167
ROSE	0.1	37.3	168
RICE	0.1	37.39	169
MORENO	0.09	37.49	170
SCHMIDT	0.09	37.58	171
PATEL	0.09	37.67	172
FERGUSON	0.09	37.77	173
NICHOLS	0.09	37.86	174
HERRERA	0.09	37.95	175
MEDINA	0.09	38.04	176
RYAN	0.09	38.13	177
FERNANDEZ	0.09	38.22	178
WEAVER	0.09	38.31	179
DANIELS	0.09	38.4	180
STEPHENS	0.09	38.49	181
GARDNER	0.09	38.58	182
PAYNE	0.09	38.67	183
KELLEY	0.09	38.76	184
DUNN	0.09	38.84	185
PIERCE	0.09	38.93	186
ARNOLD	0.09	39.02	187
TRAN	0.09	39.11	188
SPENCER	0.09	39.2	189
PETERS	0.09	39.28	190
HAWKINS	0.09	39.37	191
GRANT	0.09	39.46	192
HANSEN	0.09	39.54	193
CASTRO	0.09	39.63	194
HOFFMAN	0.09	39.71	195
HART	0.09	39.8	196
ELLIOTT	0.09	39.89	197
CUNNINGHAM	0.09	39.97	198
KNIGHT	0.09	40.06	199
BRADLEY	0.09	40.14	200
CARROLL	0.09	40.23	201
HUDSON	0.08	40.31	202
DUNCAN	0.08	40.39	203
ARMSTRONG	0.08	40.48	204
BERRY	0.08	40.56	205
ANDREWS	0.08	40.65	206
JOHNSTON	0.08	40.73	207
RAY	0.08	40.81	208
LANE	0.08	40.9	209
RILEY	0.08	40.98	210
CARPENTER	0.08	41.06	211
PERKINS	0.08	41.14	212
AGUILAR	0.08	41.22	213
SILVA	0.08	41.31	214
RICHARDS	0.08	41.39	215
WILLIS	0.08	41.47	216
MATTHEWS	0.08	41.55	217
CHAPMAN	0.08	41.63	218
LAWRENCE	0.08	41.71	219
GARZA	0.08	41.79	220
VARGAS	0.08	41.87	221
WATKINS	0.08	41.95	222
WHEELER	0.08	42.03	223
LARSON	0.08	42.1	224
CARLSON	0.08	42.18	225
HARPER	0.08	42.26	226
GEORGE	0.08	42.34	227
GREENE	0.08	42.41	228
BURKE	0.08	42.49	229
GUZMAN	0.08	42.57	230
MORRISON	0.08	42.64	231
MUNOZ	0.08	42.72	232
JACOBS	0.08	42.79	233
OBRIEN	0.08	42.87	234
LAWSON	0.07	42.94	235
FRANKLIN	0.07	43.02	236
LYNCH	0.07	43.09	237
BISHOP	0.07	43.16	238
CARR	0.07	43.24	239
SALAZAR	0.07	43.31	240
AUSTIN	0.07	43.38	241
MENDEZ	0.07	43.46	242
GILBERT	0.07	43.53	243
JENSEN	0.07	43.6	244
WILLIAMSON	0.07	43.68	245
MONTGOMERY	0.07	43.75	246
HARVEY	0.07	43.82	247
OLIVER	0.07	43.89	248
HOWELL	0.07	43.96	249
DEAN	0.07	44.03	250
HANSON	0.07	44.1	251
WEBER	0.07	44.17	252
GARRETT	0.07	44.24	253
SIMS	0.07	44.31	254
BURTON	0.07	44.38	255
FULLER	0.07	44.45	256
SOTO	0.07	44.52	257
MCCOY	0.07	44.59	258
WELCH	0.07	44.66	259
CHEN	0.07	44.72	260
SCHULTZ	0.07	44.79	261
WALTERS	0.07	44.86	262
REID	0.07	44.93	263
FIELDS	0.07	44.99	264
WALSH	0.07	45.06	265
LITTLE	0.07	45.13	266
FOWLER	0.07	45.19	267
BOWMAN	0.07	45.26	268
DAVIDSON	0.07	45.32	269
MAY	0.07	45.39	270
DAY	0.07	45.46	271
SCHNEIDER	0.07	45.52	272
NEWMAN	0.07	45.59	273
BREWER	0.07	45.65	274
LUCAS	0.07	45.72	275
HOLLAND	0.06	45.78	276
WONG	0.06	45.84	277
BANKS	0.06	45.91	278
SANTOS	0.06	45.97	279
CURTIS	0.06	46.04	280
PEARSON	0.06	46.1	281
DELGADO	0.06	46.16	282
VALDEZ	0.06	46.23	283
PENA	0.06	46.29	284
RIOS	0.06	46.35	285
DOUGLAS	0.06	46.42	286
SANDOVAL	0.06	46.48	287
BARRETT	0.06	46.54	288
HOPKINS	0.06	46.6	289
KELLER	0.06	46.66	290
GUERRERO	0.06	46.72	291
STANLEY	0.06	46.78	292
BATES	0.06	46.85	293
ALVARADO	0.06	46.91	294
BECK	0.06	46.97	295
ORTEGA	0.06	47.03	296
WADE	0.06	47.09	297
ESTRADA	0.06	47.15	298
CONTRERAS	0.06	47.21	299
BARNETT	0.06	47.27	300
CALDWELL	0.06	47.33	301
SANTIAGO	0.06	47.38	302
LAMBERT	0.06	47.44	303
POWERS	0.06	47.5	304
CHAMBERS	0.06	47.56	305
NUNEZ	0.06	47.62	306
CRAIG	0.06	47.68	307
LEONARD	0.06	47.73	308
LOWE	0.06	47.79	309
RHODES	0.06	47.85	310
BYRD	0.06	47.91	311
GREGORY	0.06	47.96	312
SHELTON	0.06	48.02	313
FRAZIER	0.06	48.08	314
BECKER	0.06	48.13	315
MALDONADO	0.06	48.19	316
FLEMING	0.06	48.25	317
VEGA	0.06	48.3	318
SUTTON	0.06	48.36	319
COHEN	0.06	48.42	320
JENNINGS	0.06	48.47	321
PARKS	0.06	48.53	322
MCDANIEL	0.06	48.58	323
WATTS	0.06	48.64	324
BARKER	0.06	48.7	325
NORRIS	0.06	48.75	326
VAUGHN	0.06	48.81	327
VAZQUEZ	0.06	48.86	328
HOLT	0.06	48.92	329
SCHWARTZ	0.06	48.97	330
STEELE	0.05	49.02	331
BENSON	0.05	49.08	332
NEAL	0.05	49.13	333
DOMINGUEZ	0.05	49.19	334
HORTON	0.05	49.24	335
TERRY	0.05	49.29	336
WOLFE	0.05	49.35	337
HALE	0.05	49.4	338
LYONS	0.05	49.46	339
GRAVES	0.05	49.51	340
HAYNES	0.05	49.56	341
MILES	0.05	49.61	342
PARK	0.05	49.67	343
WARNER	0.05	49.72	344
PADILLA	0.05	49.77	345
BUSH	0.05	49.83	346
THORNTON	0.05	49.88	347
MCCARTHY	0.05	49.93	348
MANN	0.05	49.98	349
ZIMMERMAN	0.05	50.03	350
ERICKSON	0.05	50.09	351
FLETCHER	0.05	50.14	352
MCKINNEY	0.05	50.19	353
PAGE	0.05	50.24	354
DAWSON	0.05	50.29	355
JOSEPH	0.05	50.35	356
MARQUEZ	0.05	50.4	357
REEVES	0.05	50.45	358
KLEIN	0.05	50.5	359
ESPINOZA	0.05	50.55	360
BALDWIN	0.05	50.6	361
MORAN	0.05	50.65	362
LOVE	0.05	50.71	363
ROBBINS	0.05	50.76	364
HIGGINS	0.05	50.81	365
BALL	0.05	50.86	366
CORTEZ	0.05	50.91	367
LE	0.05	50.96	368
GRIFFITH	0.05	51.01	369
BOWEN	0.05	51.06	370
SHARP	0.05	51.11	371
CUMMINGS	0.05	51.16	372
RAMSEY	0.05	51.2	373
HARDY	0.05	51.25	374
SWANSON	0.05	51.3	375
BARBER	0.05	51.35	376
ACOSTA	0.05	51.4	377
LUNA	0.05	51.45	378
CHANDLER	0.05	51.5	379
BLAIR	0.05	51.55	380
DANIEL	0.05	51.6	381
CROSS	0.05	51.65	382
SIMON	0.05	51.69	383
DENNIS	0.05	51.74	384
OCONNOR	0.05	51.79	385
QUINN	0.05	51.84	386
GROSS	0.05	51.89	387
NAVARRO	0.05	51.93	388
MOSS	0.05	51.98	389
FITZGERALD	0.05	52.03	390
DOYLE	0.05	52.08	391
MCLAUGHLIN	0.05	52.12	392
ROJAS	0.05	52.17	393
RODGERS	0.05	52.22	394
STEVENSON	0.05	52.26	395
SINGH	0.05	52.31	396
YANG	0.05	52.36	397
FIGUEROA	0.05	52.4	398
HARMON	0.05	52.45	399
NEWTON	0.05	52.5	400
PAUL	0.05	52.55	401
MANNING	0.05	52.59	402
GARNER	0.05	52.64	403
MCGEE	0.05	52.69	404
REESE	0.05	52.73	405
FRANCIS	0.05	52.78	406
BURGESS	0.05	52.82	407
ADKINS	0.05	52.87	408
GOODMAN	0.05	52.92	409
CURRY	0.05	52.96	410
BRADY	0.05	53.01	411
CHRISTENSEN	0.05	53.05	412
POTTER	0.05	53.1	413
WALTON	0.05	53.15	414
GOODWIN	0.05	53.19	415
MULLINS	0.05	53.24	416
MOLINA	0.05	53.28	417
WEBSTER	0.05	53.33	418
FISCHER	0.05	53.37	419
CAMPOS	0.05	53.42	420
AVILA	0.05	53.46	421
SHERMAN	0.05	53.51	422
TODD	0.05	53.55	423
CHANG	0.05	53.6	424
BLAKE	0.05	53.64	425
MALONE	0.05	53.69	426
WOLF	0.04	53.73	427
HODGES	0.04	53.77	428
JUAREZ	0.04	53.82	429
GILL	0.04	53.86	430
FARMER	0.04	53.91	431
HINES	0.04	53.95	432
GALLAGHER	0.04	53.99	433
DURAN	0.04	54.04	434
HUBBARD	0.04	54.08	435
CANNON	0.04	54.13	436
MIRANDA	0.04	54.17	437
WANG	0.04	54.21	438
SAUNDERS	0.04	54.26	439
TATE	0.04	54.3	440
MACK	0.04	54.34	441
HAMMOND	0.04	54.38	442
CARRILLO	0.04	54.43	443
TOWNSEND	0.04	54.47	444
WISE	0.04	54.51	445
INGRAM	0.04	54.56	446
BARTON	0.04	54.6	447
MEJIA	0.04	54.64	448
AYALA	0.04	54.69	449
SCHROEDER	0.04	54.73	450
HAMPTON	0.04	54.77	451
ROWE	0.04	54.81	452
PARSONS	0.04	54.86	453
FRANK	0.04	54.9	454
WATERS	0.04	54.94	455
STRICKLAND	0.04	54.98	456
OSBORNE	0.04	55.03	457
MAXWELL	0.04	55.07	458
CHAN	0.04	55.11	459
DELEON	0.04	55.15	460
NORMAN	0.04	55.2	461
HARRINGTON	0.04	55.24	462
CASEY	0.04	55.28	463
PATTON	0.04	55.32	464
LOGAN	0.04	55.36	465
BOWERS	0.04	55.41	466
MUELLER	0.04	55.45	467
GLOVER	0.04	55.49	468
FLOYD	0.04	55.53	469
HARTMAN	0.04	55.57	470
BUCHANAN	0.04	55.61	471
COBB	0.04	55.65	472
FRENCH	0.04	55.69	473
KRAMER	0.04	55.73	474
MCCORMICK	0.04	55.77	475
CLARKE	0.04	55.81	476
TYLER	0.04	55.85	477
GIBBS	0.04	55.89	478
MOODY	0.04	55.93	479
CONNER	0.04	55.97	480
SPARKS	0.04	56.01	481
MCGUIRE	0.04	56.05	482
LEON	0.04	56.09	483
BAUER	0.04	56.13	484
NORTON	0.04	56.17	485
POPE	0.04	56.21	486
FLYNN	0.04	56.25	487
HOGAN	0.04	56.29	488
ROBLES	0.04	56.33	489
SALINAS	0.04	56.37	490
YATES	0.04	56.41	491
LINDSEY	0.04	56.45	492
LLOYD	0.04	56.49	493
MARSH	0.04	56.53	494
MCBRIDE	0.04	56.57	495
OWEN	0.04	56.61	496
SOLIS	0.04	56.65	497
PHAM	0.04	56.69	498
LANG	0.04	56.73	499
PRATT	0.04	56.77	500
LARA	0.04	56.8	501
BROCK	0.04	56.84	502
BALLARD	0.04	56.88	503
TRUJILLO	0.04	56.92	504
SHAFFER	0.04	56.96	505
DRAKE	0.04	57	506
ROMAN	0.04	57.03	507
AGUIRRE	0.04	57.07	508
MORTON	0.04	57.11	509
STOKES	0.04	57.15	510
LAMB	0.04	57.19	511
PACHECO	0.04	57.22	512
PATRICK	0.04	57.26	513
COCHRAN	0.04	57.3	514
SHEPHERD	0.04	57.34	515
CAIN	0.04	57.37	516
BURNETT	0.04	57.41	517
HESS	0.04	57.45	518
LI	0.04	57.49	519
CERVANTES	0.04	57.52	520
OLSEN	0.04	57.56	521
BRIGGS	0.04	57.6	522
OCHOA	0.04	57.63	523
CABRERA	0.04	57.67	524
VELASQUEZ	0.04	57.71	525
MONTOYA	0.04	57.74	526
ROTH	0.04	57.78	527
MEYERS	0.04	57.82	528
CARDENAS	0.04	57.86	529
FUENTES	0.04	57.89	530
WEISS	0.04	57.93	531
HOOVER	0.04	57.96	532
WILKINS	0.04	58	533
NICHOLSON	0.04	58.04	534
UNDERWOOD	0.04	58.07	535
SHORT	0.04	58.11	536
CARSON	0.04	58.14	537
MORROW	0.04	58.18	538
COLON	0.04	58.22	539
HOLLOWAY	0.04	58.25	540
SUMMERS	0.04	58.29	541
BRYAN	0.04	58.32	542
PETERSEN	0.04	58.36	543
MCKENZIE	0.04	58.4	544
SERRANO	0.04	58.43	545
WILCOX	0.04	58.47	546
CAREY	0.04	58.5	547
CLAYTON	0.04	58.54	548
POOLE	0.04	58.57	549
CALDERON	0.04	58.61	550
GALLEGOS	0.04	58.64	551
GREER	0.04	58.68	552
RIVAS	0.04	58.71	553
GUERRA	0.04	58.75	554
DECKER	0.04	58.78	555
COLLIER	0.04	58.82	556
WALL	0.04	58.85	557
WHITAKER	0.04	58.89	558
BASS	0.04	58.92	559
FLOWERS	0.04	58.96	560
DAVENPORT	0.04	58.99	561
CONLEY	0.04	59.03	562
HOUSTON	0.04	59.06	563
HUFF	0.04	59.1	564
COPELAND	0.04	59.13	565
HOOD	0.04	59.17	566
MONROE	0.04	59.2	567
MASSEY	0.04	59.24	568
ROBERSON	0.03	59.27	569
COMBS	0.03	59.31	570
FRANCO	0.03	59.34	571
LARSEN	0.03	59.37	572
PITTMAN	0.03	59.41	573
RANDALL	0.03	59.44	574
SKINNER	0.03	59.48	575
WILKINSON	0.03	59.51	576
KIRBY	0.03	59.54	577
CAMERON	0.03	59.58	578
BRIDGES	0.03	59.61	579
ANTHONY	0.03	59.65	580
RICHARD	0.03	59.68	581
KIRK	0.03	59.71	582
BRUCE	0.03	59.75	583
SINGLETON	0.03	59.78	584
MATHIS	0.03	59.81	585
BRADFORD	0.03	59.85	586
BOONE	0.03	59.88	587
ABBOTT	0.03	59.91	588
CHARLES	0.03	59.95	589
ALLISON	0.03	59.98	590
SWEENEY	0.03	60.01	591
ATKINSON	0.03	60.04	592
HORN	0.03	60.08	593
JEFFERSON	0.03	60.11	594
ROSALES	0.03	60.14	595
YORK	0.03	60.18	596
CHRISTIAN	0.03	60.21	597
PHELPS	0.03	60.24	598
FARRELL	0.03	60.28	599
CASTANEDA	0.03	60.31	600
NASH	0.03	60.34	601
DICKERSON	0.03	60.37	602
BOND	0.03	60.41	603
WYATT	0.03	60.44	604
FOLEY	0.03	60.47	605
CHASE	0.03	60.51	606
GATES	0.03	60.54	607
VINCENT	0.03	60.57	608
MATHEWS	0.03	60.61	609
HODGE	0.03	60.64	610
GARRISON	0.03	60.67	611
TREVINO	0.03	60.7	612
VILLARREAL	0.03	60.74	613
HEATH	0.03	60.77	614
DALTON	0.03	60.8	615
VALENCIA	0.03	60.83	616
CALLAHAN	0.03	60.87	617
HENSLEY	0.03	60.9	618
ATKINS	0.03	60.93	619
HUFFMAN	0.03	60.96	620
ROY	0.03	60.99	621
BOYER	0.03	61.03	622
SHIELDS	0.03	61.06	623
LIN	0.03	61.09	624
HANCOCK	0.03	61.12	625
GRIMES	0.03	61.15	626
GLENN	0.03	61.19	627
CLINE	0.03	61.22	628
DELACRUZ	0.03	61.25	629
CAMACHO	0.03	61.28	630
DILLON	0.03	61.31	631
PARRISH	0.03	61.35	632
ONEILL	0.03	61.38	633
MELTON	0.03	61.41	634
BOOTH	0.03	61.44	635
KANE	0.03	61.47	636
BERG	0.03	61.5	637
HARRELL	0.03	61.53	638
PITTS	0.03	61.56	639
SAVAGE	0.03	61.59	640
WIGGINS	0.03	61.62	641
BRENNAN	0.03	61.66	642
SALAS	0.03	61.69	643
MARKS	0.03	61.72	644
RUSSO	0.03	61.75	645
SAWYER	0.03	61.78	646
BAXTER	0.03	61.81	647
GOLDEN	0.03	61.84	648
HUTCHINSON	0.03	61.87	649
LIU	0.03	61.9	650
WALTER	0.03	61.93	651
MCDOWELL	0.03	61.97	652
WILEY	0.03	62	653
RICH	0.03	62.03	654
HUMPHREY	0.03	62.06	655
JOHNS	0.03	62.09	656
KOCH	0.03	62.12	657
SUAREZ	0.03	62.15	658
HOBBS	0.03	62.18	659
BEARD	0.03	62.21	660
GILMORE	0.03	62.24	661
IBARRA	0.03	62.27	662
KEITH	0.03	62.3	663
MACIAS	0.03	62.33	664
KHAN	0.03	62.36	665
ANDRADE	0.03	62.39	666
WARE	0.03	62.42	667
STEPHENSON	0.03	62.45	668
HENSON	0.03	62.48	669
WILKERSON	0.03	62.51	670
DYER	0.03	62.54	671
MCCLURE	0.03	62.57	672
BLACKWELL	0.03	62.6	673
MERCADO	0.03	62.63	674
TANNER	0.03	62.66	675
EATON	0.03	62.69	676
CLAY	0.03	62.72	677
BARRON	0.03	62.75	678
BEASLEY	0.03	62.78	679
ONEAL	0.03	62.81	680
PRESTON	0.03	62.84	681
SMALL	0.03	62.87	682
WU	0.03	62.9	683
ZAMORA	0.03	62.93	684
MACDONALD	0.03	62.96	685
VANCE	0.03	62.99	686
SNOW	0.03	63.02	687
MCCLAIN	0.03	63.05	688
STAFFORD	0.03	63.08	689
OROZCO	0.03	63.11	690
BARRY	0.03	63.14	691
ENGLISH	0.03	63.17	692
SHANNON	0.03	63.19	693
KLINE	0.03	63.22	694
JACOBSON	0.03	63.25	695
WOODARD	0.03	63.28	696
HUANG	0.03	63.31	697
KEMP	0.03	63.34	698
MOSLEY	0.03	63.37	699
PRINCE	0.03	63.4	700
MERRITT	0.03	63.43	701
HURST	0.03	63.46	702
VILLANUEVA	0.03	63.48	703
ROACH	0.03	63.51	704
NOLAN	0.03	63.54	705
LAM	0.03	63.57	706
YODER	0.03	63.6	707
MCCULLOUGH	0.03	63.63	708
LESTER	0.03	63.66	709
SANTANA	0.03	63.68	710
VALENZUELA	0.03	63.71	711
WINTERS	0.03	63.74	712
BARRERA	0.03	63.77	713
LEACH	0.03	63.8	714
ORR	0.03	63.82	715
BERGER	0.03	63.85	716
MCKEE	0.03	63.88	717
STRONG	0.03	63.91	718
CONWAY	0.03	63.94	719
STEIN	0.03	63.96	720
WHITEHEAD	0.03	63.99	721
BULLOCK	0.03	64.02	722
ESCOBAR	0.03	64.05	723
KNOX	0.03	64.08	724
MEADOWS	0.03	64.1	725
SOLOMON	0.03	64.13	726
VELEZ	0.03	64.16	727
ODONNELL	0.03	64.19	728
KERR	0.03	64.22	729
STOUT	0.03	64.24	730
BLANKENSHIP	0.03	64.27	731
BROWNING	0.03	64.3	732
KENT	0.03	64.33	733
LOZANO	0.03	64.36	734
BARTLETT	0.03	64.38	735
PRUITT	0.03	64.41	736
BUCK	0.03	64.44	737
BARR	0.03	64.46	738
GAINES	0.03	64.49	739
DURHAM	0.03	64.52	740
GENTRY	0.03	64.54	741
MCINTYRE	0.03	64.57	742
SLOAN	0.03	64.6	743
MELENDEZ	0.03	64.63	744
ROCHA	0.03	64.65	745
HERMAN	0.03	64.68	746
SEXTON	0.03	64.71	747
MOON	0.03	64.73	748
HENDRICKS	0.03	64.76	749
RANGEL	0.03	64.79	750
STARK	0.03	64.81	751
LOWERY	0.03	64.84	752
HARDIN	0.03	64.87	753
HULL	0.03	64.9	754
SELLERS	0.03	64.92	755
ELLISON	0.03	64.95	756
CALHOUN	0.03	64.98	757
GILLESPIE	0.03	65	758
MORA	0.03	65.03	759
KNAPP	0.03	65.06	760
MCCALL	0.03	65.08	761
MORSE	0.03	65.11	762
DORSEY	0.03	65.14	763
WEEKS	0.03	65.17	764
NIELSEN	0.03	65.19	765
LIVINGSTON	0.03	65.22	766
LEBLANC	0.03	65.24	767
MCLEAN	0.03	65.27	768
BRADSHAW	0.03	65.3	769
GLASS	0.03	65.32	770
MIDDLETON	0.03	65.35	771
BUCKLEY	0.03	65.37	772
SCHAEFER	0.03	65.4	773
FROST	0.03	65.43	774
HOWE	0.03	65.45	775
HOUSE	0.03	65.48	776
MCINTOSH	0.03	65.5	777
HO	0.03	65.53	778
PENNINGTON	0.03	65.56	779
REILLY	0.03	65.58	780
HEBERT	0.03	65.61	781
MCFARLAND	0.03	65.63	782
HICKMAN	0.03	65.66	783
NOBLE	0.03	65.69	784
SPEARS	0.03	65.71	785
CONRAD	0.03	65.74	786
ARIAS	0.03	65.76	787
GALVAN	0.03	65.79	788
VELAZQUEZ	0.03	65.82	789
HUYNH	0.03	65.84	790
FREDERICK	0.03	65.87	791
RANDOLPH	0.03	65.89	792
CANTU	0.03	65.92	793
FITZPATRICK	0.03	65.95	794
MAHONEY	0.03	65.97	795
PECK	0.03	66	796
VILLA	0.03	66.02	797
MICHAEL	0.03	66.05	798
DONOVAN	0.03	66.07	799
MCCONNELL	0.03	66.1	800
WALLS	0.03	66.12	801
BOYLE	0.03	66.15	802
MAYER	0.03	66.17	803
ZUNIGA	0.03	66.2	804
GILES	0.03	66.22	805
PINEDA	0.03	66.25	806
PACE	0.03	66.27	807
HURLEY	0.03	66.3	808
MAYS	0.03	66.32	809
MCMILLAN	0.03	66.35	810
CROSBY	0.03	66.37	811
AYERS	0.03	66.4	812
CASE	0.03	66.42	813
BENTLEY	0.03	66.45	814
SHEPARD	0.03	66.47	815
EVERETT	0.03	66.5	816
PUGH	0.03	66.52	817
DAVID	0.03	66.55	818
MCMAHON	0.03	66.57	819
DUNLAP	0.03	66.6	820
BENDER	0.03	66.62	821
HAHN	0.03	66.65	822
HARDING	0.03	66.67	823
ACEVEDO	0.03	66.7	824
RAYMOND	0.03	66.72	825
BLACKBURN	0.03	66.75	826
DUFFY	0.03	66.77	827
LANDRY	0.03	66.8	828
DOUGHERTY	0.02	66.82	829
BAUTISTA	0.02	66.84	830
SHAH	0.02	66.87	831
POTTS	0.02	66.89	832
ARROYO	0.02	66.92	833
VALENTINE	0.02	66.94	834
MEZA	0.02	66.96	835
GOULD	0.02	66.99	836
VAUGHAN	0.02	67.01	837
FRY	0.02	67.04	838
RUSH	0.02	67.06	839
AVERY	0.02	67.08	840
HERRING	0.02	67.11	841
DODSON	0.02	67.13	842
CLEMENTS	0.02	67.16	843
SAMPSON	0.02	67.18	844
TAPIA	0.02	67.2	845
BEAN	0.02	67.23	846
LYNN	0.02	67.25	847
CRANE	0.02	67.28	848
FARLEY	0.02	67.3	849
CISNEROS	0.02	67.32	850
BENTON	0.02	67.35	851
ASHLEY	0.02	67.37	852
MCKAY	0.02	67.4	853
FINLEY	0.02	67.42	854
BEST	0.02	67.44	855
BLEVINS	0.02	67.47	856
FRIEDMAN	0.02	67.49	857
MOSES	0.02	67.52	858
SOSA	0.02	67.54	859
BLANCHARD	0.02	67.56	860
HUBER	0.02	67.59	861
FRYE	0.02	67.61	862
KRUEGER	0.02	67.64	863
BERNARD	0.02	67.66	864
ROSARIO	0.02	67.68	865
RUBIO	0.02	67.71	866
MULLEN	0.02	67.73	867
BENJAMIN	0.02	67.76	868
HALEY	0.02	67.78	869
CHUNG	0.02	67.8	870
MOYER	0.02	67.83	871
CHOI	0.02	67.85	872
HORNE	0.02	67.87	873
YU	0.02	67.9	874
WOODWARD	0.02	67.92	875
ALI	0.02	67.94	876
NIXON	0.02	67.97	877
HAYDEN	0.02	67.99	878
RIVERS	0.02	68.01	879
ESTES	0.02	68.04	880
MCCARTY	0.02	68.06	881
RICHMOND	0.02	68.08	882
STUART	0.02	68.1	883
MAYNARD	0.02	68.13	884
BRANDT	0.02	68.15	885
OCONNELL	0.02	68.17	886
HANNA	0.02	68.2	887
SANFORD	0.02	68.22	888
SHEPPARD	0.02	68.24	889
CHURCH	0.02	68.27	890
BURCH	0.02	68.29	891
LEVY	0.02	68.31	892
RASMUSSEN	0.02	68.33	893
COFFEY	0.02	68.36	894
PONCE	0.02	68.38	895
FAULKNER	0.02	68.4	896
DONALDSON	0.02	68.43	897
SCHMITT	0.02	68.45	898
NOVAK	0.02	68.47	899
COSTA	0.02	68.49	900
MONTES	0.02	68.52	901
BOOKER	0.02	68.54	902
CORDOVA	0.02	68.56	903
WALLER	0.02	68.59	904
ARELLANO	0.02	68.61	905
MADDOX	0.02	68.63	906
MATA	0.02	68.66	907
BONILLA	0.02	68.68	908
STANTON	0.02	68.7	909
COMPTON	0.02	68.72	910
KAUFMAN	0.02	68.74	911
DUDLEY	0.02	68.77	912
MCPHERSON	0.02	68.79	913
BELTRAN	0.02	68.81	914
DICKSON	0.02	68.83	915
MCCANN	0.02	68.85	916
VILLEGAS	0.02	68.88	917
PROCTOR	0.02	68.9	918
HESTER	0.02	68.92	919
CANTRELL	0.02	68.94	920
DAUGHERTY	0.02	68.96	921
CHERRY	0.02	68.99	922
BRAY	0.02	69.01	923
DAVILA	0.02	69.03	924
ROWLAND	0.02	69.05	925
LEVINE	0.02	69.07	926
MADDEN	0.02	69.1	927
SPENCE	0.02	69.12	928
GOOD	0.02	69.14	929
IRWIN	0.02	69.16	930
WERNER	0.02	69.18	931
KRAUSE	0.02	69.21	932
PETTY	0.02	69.23	933
WHITNEY	0.02	69.25	934
BAIRD	0.02	69.27	935
HOOPER	0.02	69.29	936
POLLARD	0.02	69.32	937
ZAVALA	0.02	69.34	938
JARVIS	0.02	69.36	939
HOLDEN	0.02	69.38	940
HAAS	0.02	69.4	941
HENDRIX	0.02	69.43	942
MCGRATH	0.02	69.45	943
BIRD	0.02	69.47	944
LUCERO	0.02	69.49	945
TERRELL	0.02	69.51	946
RIGGS	0.02	69.54	947
JOYCE	0.02	69.56	948
MERCER	0.02	69.58	949
ROLLINS	0.02	69.6	950
GALLOWAY	0.02	69.62	951
DUKE	0.02	69.65	952
ODOM	0.02	69.67	953
ANDERSEN	0.02	69.69	954
DOWNS	0.02	69.71	955
HATFIELD	0.02	69.73	956
BENITEZ	0.02	69.76	957
ARCHER	0.02	69.78	958
HUERTA	0.02	69.8	959
TRAVIS	0.02	69.82	960
MCNEIL	0.02	69.84	961
HINTON	0.02	69.86	962
ZHANG	0.02	69.89	963
HAYS	0.02	69.91	964
MAYO	0.02	69.93	965
FRITZ	0.02	69.95	966
BRANCH	0.02	69.97	967
MOONEY	0.02	69.99	968
EWING	0.02	70.01	969
RITTER	0.02	70.03	970
ESPARZA	0.02	70.05	971
FREY	0.02	70.07	972
BRAUN	0.02	70.1	973
GAY	0.02	70.12	974
RIDDLE	0.02	70.14	975
HANEY	0.02	70.16	976
KAISER	0.02	70.18	977
HOLDER	0.02	70.2	978
CHANEY	0.02	70.22	979
MCKNIGHT	0.02	70.24	980
GAMBLE	0.02	70.26	981
VANG	0.02	70.28	982
COOLEY	0.02	70.31	983
CARNEY	0.02	70.33	984
COWAN	0.02	70.35	985
FORBES	0.02	70.37	986
FERRELL	0.02	70.39	987
DAVIES	0.02	70.41	988
BARAJAS	0.02	70.43	989
SHEA	0.02	70.45	990
OSBORN	0.02	70.47	991
BRIGHT	0.02	70.49	992
CUEVAS	0.02	70.52	993
BOLTON	0.02	70.54	994
MURILLO	0.02	70.56	995
LUTZ	0.02	70.58	996
DUARTE	0.02	70.6	997
KIDD	0.02	70.62	998
KEY	0.02	70.64	999
COOKE	0.02	70.66	1000
GOFF	0.02	70.68	1001
DEJESUS	0.02	70.7	1002
MARIN	0.02	70.73	1003
DOTSON	0.02	70.75	1004
BONNER	0.02	70.77	1005
COTTON	0.02	70.79	1006
MERRILL	0.02	70.81	1007
LINDSAY	0.02	70.83	1008
LANCASTER	0.02	70.85	1009
MCGOWAN	0.02	70.87	1010
FELIX	0.02	70.89	1011
SALGADO	0.02	70.91	1012
SLATER	0.02	70.93	1013
CARVER	0.02	70.95	1014
GUTHRIE	0.02	70.97	1015
HOLMAN	0.02	70.99	1016
FULTON	0.02	71.01	1017
SNIDER	0.02	71.03	1018
SEARS	0.02	71.05	1019
WITT	0.02	71.07	1020
NEWELL	0.02	71.09	1021
BYERS	0.02	71.11	1022
LEHMAN	0.02	71.13	1023
GORMAN	0.02	71.15	1024
COSTELLO	0.02	71.17	1025
DONAHUE	0.02	71.19	1026
DELANEY	0.02	71.21	1027
ALBERT	0.02	71.23	1028
WORKMAN	0.02	71.25	1029
ROSAS	0.02	71.27	1030
SPRINGER	0.02	71.29	1031
JUSTICE	0.02	71.31	1032
KINNEY	0.02	71.33	1033
ODELL	0.02	71.35	1034
LAKE	0.02	71.37	1035
DONNELLY	0.02	71.39	1036
LAW	0.02	71.41	1037
DAILEY	0.02	71.43	1038
GUEVARA	0.02	71.45	1039
SHOEMAKER	0.02	71.47	1040
BARLOW	0.02	71.49	1041
MARINO	0.02	71.51	1042
WINTER	0.02	71.53	1043
CRAFT	0.02	71.55	1044
KATZ	0.02	71.57	1045
PICKETT	0.02	71.59	1046
ESPINOSA	0.02	71.61	1047
DALY	0.02	71.63	1048
MALONEY	0.02	71.65	1049
GOLDSTEIN	0.02	71.67	1050
CROWLEY	0.02	71.69	1051
VOGEL	0.02	71.71	1052
KUHN	0.02	71.73	1053
PEARCE	0.02	71.75	1054
HARTLEY	0.02	71.77	1055
CLEVELAND	0.02	71.79	1056
PALACIOS	0.02	71.81	1057
MCFADDEN	0.02	71.83	1058
BRITT	0.02	71.85	1059
WOOTEN	0.02	71.87	1060
CORTES	0.02	71.89	1061
DILLARD	0.02	71.91	1062
CHILDERS	0.02	71.93	1063
ALFORD	0.02	71.94	1064
DODD	0.02	71.96	1065
EMERSON	0.02	71.98	1066
WILDER	0.02	72	1067
LANGE	0.02	72.02	1068
GOLDBERG	0.02	72.04	1069
QUINTERO	0.02	72.06	1070
BEACH	0.02	72.08	1071
ENRIQUEZ	0.02	72.1	1072
QUINTANA	0.02	72.12	1073
HELMS	0.02	72.13	1074
MACKEY	0.02	72.15	1075
FINCH	0.02	72.17	1076
CRAMER	0.02	72.19	1077
MINOR	0.02	72.21	1078
FLANAGAN	0.02	72.23	1079
FRANKS	0.02	72.25	1080
CORONA	0.02	72.27	1081
KENDALL	0.02	72.29	1082
MCCABE	0.02	72.31	1083
HENDRICKSON	0.02	72.32	1084
MOSER	0.02	72.34	1085
MCDERMOTT	0.02	72.36	1086
CAMP	0.02	72.38	1087
MCLEOD	0.02	72.4	1088
BERNAL	0.02	72.42	1089
KAPLAN	0.02	72.44	1090
MEDRANO	0.02	72.46	1091
LUGO	0.02	72.48	1092
TRACY	0.02	72.5	1093
BACON	0.02	72.51	1094
CROWE	0.02	72.53	1095
RICHTER	0.02	72.55	1096
WELSH	0.02	72.57	1097
HOLLEY	0.02	72.59	1098
RATLIFF	0.02	72.61	1099
MAYFIELD	0.02	72.63	1100
TALLEY	0.02	72.65	1101
HAINES	0.02	72.67	1102
DALE	0.02	72.69	1103
GIBBONS	0.02	72.7	1104
HICKEY	0.02	72.72	1105
BYRNE	0.02	72.74	1106
KIRKLAND	0.02	72.76	1107
FARRIS	0.02	72.78	1108
CORREA	0.02	72.8	1109
TILLMAN	0.02	72.82	1110
SWEET	0.02	72.84	1111
KESSLER	0.02	72.86	1112
ENGLAND	0.02	72.88	1113
HEWITT	0.02	72.89	1114
BLANCO	0.02	72.91	1115
CONNOLLY	0.02	72.93	1116
PATE	0.02	72.95	1117
ELDER	0.02	72.97	1118
BRUNO	0.02	72.99	1119
HOLCOMB	0.02	73.01	1120
HYDE	0.02	73.03	1121
MCALLISTER	0.02	73.04	1122
CASH	0.02	73.06	1123
CHRISTOPHER	0.02	73.08	1124
WHITFIELD	0.02	73.1	1125
MEEKS	0.02	73.12	1126
HATCHER	0.02	73.13	1127
FINK	0.02	73.15	1128
SUTHERLAND	0.02	73.17	1129
NOEL	0.02	73.19	1130
RITCHIE	0.02	73.21	1131
ROSA	0.02	73.22	1132
LEAL	0.02	73.24	1133
JOYNER	0.02	73.26	1134
STARR	0.02	73.28	1135
MORIN	0.02	73.3	1136
DELAROSA	0.02	73.31	1137
CONNOR	0.02	73.33	1138
HILTON	0.02	73.35	1139
ALSTON	0.02	73.37	1140
GILLIAM	0.02	73.39	1141
WYNN	0.02	73.4	1142
WILLS	0.02	73.42	1143
JARAMILLO	0.02	73.44	1144
ONEIL	0.02	73.46	1145
NIEVES	0.02	73.48	1146
BRITTON	0.02	73.49	1147
RANKIN	0.02	73.51	1148
BELCHER	0.02	73.53	1149
GUY	0.02	73.55	1150
CHAMBERLAIN	0.02	73.57	1151
TYSON	0.02	73.58	1152
PUCKETT	0.02	73.6	1153
DOWNING	0.02	73.62	1154
SHARPE	0.02	73.64	1155
BOGGS	0.02	73.66	1156
TRUONG	0.02	73.67	1157
PIERSON	0.02	73.69	1158
GODFREY	0.02	73.71	1159
MOBLEY	0.02	73.73	1160
JOHN	0.02	73.75	1161
KERN	0.02	73.76	1162
DYE	0.02	73.78	1163
HOLLIS	0.02	73.8	1164
BRAVO	0.02	73.82	1165
MAGANA	0.02	73.84	1166
RUTHERFORD	0.02	73.85	1167
NG	0.02	73.87	1168
TUTTLE	0.02	73.89	1169
LIM	0.02	73.91	1170
ROMANO	0.02	73.93	1171
ARTHUR	0.02	73.94	1172
TREJO	0.02	73.96	1173
KNOWLES	0.02	73.98	1174
LYON	0.02	74	1175
SHIRLEY	0.02	74.02	1176
QUINONES	0.02	74.03	1177
CHILDS	0.02	74.05	1178
DOLAN	0.02	74.07	1179
HEAD	0.02	74.09	1180
REYNA	0.02	74.11	1181
SAENZ	0.02	74.12	1182
HASTINGS	0.02	74.14	1183
KENNEY	0.02	74.16	1184
CANO	0.02	74.18	1185
FOREMAN	0.02	74.2	1186
DENTON	0.02	74.21	1187
VILLALOBOS	0.02	74.23	1188
PRYOR	0.02	74.25	1189
SARGENT	0.02	74.27	1190
DOHERTY	0.02	74.28	1191
HOPPER	0.02	74.3	1192
PHAN	0.02	74.32	1193
WOMACK	0.02	74.33	1194
LOCKHART	0.02	74.35	1195
VENTURA	0.02	74.37	1196
DWYER	0.02	74.39	1197
MULLER	0.02	74.4	1198
GALINDO	0.02	74.42	1199
GRACE	0.02	74.44	1200
SORENSEN	0.02	74.45	1201
COURTNEY	0.02	74.47	1202
PARRA	0.02	74.49	1203
RODRIGUES	0.02	74.5	1204
NICHOLAS	0.02	74.52	1205
AHMED	0.02	74.54	1206
MCGINNIS	0.02	74.56	1207
LANGLEY	0.02	74.57	1208
MADISON	0.02	74.59	1209
LOCKE	0.02	74.61	1210
JAMISON	0.02	74.62	1211
NAVA	0.02	74.64	1212
GUSTAFSON	0.02	74.66	1213
SYKES	0.02	74.67	1214
DEMPSEY	0.02	74.69	1215
HAMM	0.02	74.71	1216
RODRIQUEZ	0.02	74.73	1217
MCGILL	0.02	74.74	1218
XIONG	0.02	74.76	1219
ESQUIVEL	0.02	74.78	1220
SIMMS	0.02	74.79	1221
KENDRICK	0.02	74.81	1222
BOYCE	0.02	74.83	1223
VIGIL	0.02	74.84	1224
DOWNEY	0.02	74.86	1225
MCKENNA	0.02	74.88	1226
SIERRA	0.02	74.9	1227
WEBBER	0.02	74.91	1228
KIRKPATRICK	0.02	74.93	1229
DICKINSON	0.02	74.95	1230
COUCH	0.02	74.96	1231
BURKS	0.02	74.98	1232
SHEEHAN	0.02	75	1233
SLAUGHTER	0.02	75.01	1234
PIKE	0.02	75.03	1235
WHITLEY	0.02	75.05	1236
MAGEE	0.02	75.07	1237
CHENG	0.02	75.08	1238
SINCLAIR	0.02	75.1	1239
CASSIDY	0.02	75.12	1240
RUTLEDGE	0.02	75.13	1241
BURRIS	0.02	75.15	1242
BOWLING	0.02	75.17	1243
CRABTREE	0.02	75.18	1244
MCNAMARA	0.02	75.2	1245
AVALOS	0.02	75.22	1246
VU	0.02	75.24	1247
HERRON	0.02	75.25	1248
BROUSSARD	0.02	75.27	1249
ABRAHAM	0.02	75.29	1250
GARLAND	0.02	75.3	1251
CORBETT	0.02	75.32	1252
CORBIN	0.02	75.34	1253
STINSON	0.02	75.35	1254
CHIN	0.02	75.37	1255
BURT	0.02	75.39	1256
HUTCHINS	0.02	75.41	1257
WOODRUFF	0.02	75.42	1258
LAU	0.02	75.44	1259
BRANDON	0.02	75.46	1260
SINGER	0.02	75.47	1261
HATCH	0.02	75.49	1262
ROSSI	0.02	75.51	1263
SHAFER	0.02	75.52	1264
OTT	0.02	75.54	1265
GOSS	0.02	75.55	1266
GREGG	0.02	75.57	1267
DEWITT	0.02	75.59	1268
TANG	0.02	75.6	1269
POLK	0.02	75.62	1270
WORLEY	0.02	75.63	1271
COVINGTON	0.02	75.65	1272
SALDANA	0.02	75.67	1273
HELLER	0.02	75.68	1274
EMERY	0.02	75.7	1275
SWARTZ	0.02	75.71	1276
CHO	0.02	75.73	1277
MCCRAY	0.02	75.75	1278
ELMORE	0.02	75.76	1279
ROSENBERG	0.02	75.78	1280
SIMONS	0.02	75.79	1281
CLEMONS	0.02	75.81	1282
BEATTY	0.02	75.83	1283
HARDEN	0.02	75.84	1284
HERBERT	0.02	75.86	1285
BLAND	0.02	75.87	1286
RUCKER	0.02	75.89	1287
MANLEY	0.02	75.91	1288
ZIEGLER	0.02	75.92	1289
GRADY	0.02	75.94	1290
LOTT	0.02	75.95	1291
ROUSE	0.02	75.97	1292
GLEASON	0.02	75.99	1293
MCCLELLAN	0.02	76	1294
ABRAMS	0.02	76.02	1295
VO	0.02	76.03	1296
ALBRIGHT	0.02	76.05	1297
MEIER	0.02	76.07	1298
DUNBAR	0.02	76.08	1299
ACKERMAN	0.02	76.1	1300
PADGETT	0.02	76.11	1301
MAYES	0.02	76.13	1302
TIPTON	0.02	76.15	1303
COFFMAN	0.02	76.16	1304
PERALTA	0.02	76.18	1305
SHAPIRO	0.02	76.19	1306
ROE	0.02	76.21	1307
WESTON	0.02	76.23	1308
PLUMMER	0.02	76.24	1309
HELTON	0.02	76.26	1310
STERN	0.02	76.27	1311
FRASER	0.02	76.29	1312
STOVER	0.02	76.31	1313
FISH	0.02	76.32	1314
SCHUMACHER	0.02	76.34	1315
BACA	0.02	76.35	1316
CURRAN	0.02	76.37	1317
VINSON	0.02	76.39	1318
VERA	0.02	76.4	1319
CLIFTON	0.02	76.42	1320
ERVIN	0.02	76.43	1321
ELDRIDGE	0.02	76.45	1322
LOWRY	0.02	76.47	1323
CHILDRESS	0.02	76.48	1324
BECERRA	0.02	76.5	1325
GORE	0.02	76.51	1326
SEYMOUR	0.02	76.53	1327
CHU	0.02	76.55	1328
FIELD	0.02	76.56	1329
AKERS	0.02	76.58	1330
CARRASCO	0.02	76.59	1331
BINGHAM	0.02	76.61	1332
STERLING	0.02	76.63	1333
GREENWOOD	0.02	76.64	1334
LESLIE	0.02	76.66	1335
GROVES	0.02	76.67	1336
MANUEL	0.02	76.69	1337
SWAIN	0.02	76.71	1338
EDMONDS	0.02	76.72	1339
MUNIZ	0.02	76.74	1340
THOMSON	0.02	76.75	1341
CROUCH	0.02	76.77	1342
WALDEN	0.02	76.79	1343
SMART	0.02	76.8	1344
TOMLINSON	0.02	76.82	1345
ALFARO	0.02	76.83	1346
QUICK	0.02	76.85	1347
GOLDMAN	0.02	76.87	1348
MCELROY	0.02	76.88	1349
YARBROUGH	0.02	76.9	1350
FUNK	0.02	76.91	1351
HONG	0.02	76.93	1352
PORTILLO	0.02	76.95	1353
LUND	0.02	76.96	1354
NGO	0.02	76.98	1355
ELKINS	0.02	76.99	1356
STROUD	0.02	77.01	1357
MEREDITH	0.02	77.02	1358
BATTLE	0.02	77.04	1359
MCCAULEY	0.02	77.05	1360
ZAPATA	0.02	77.07	1361
BLOOM	0.02	77.08	1362
GEE	0.02	77.1	1363
GIVENS	0.02	77.11	1364
CARDONA	0.02	77.13	1365
SCHAFER	0.02	77.14	1366
ROBISON	0.02	77.16	1367
GUNTER	0.02	77.17	1368
GRIGGS	0.02	77.19	1369
TOVAR	0.02	77.2	1370
TEAGUE	0.02	77.22	1371
SWIFT	0.02	77.23	1372
BOWDEN	0.02	77.25	1373
SCHULZ	0.02	77.26	1374
BLANTON	0.02	77.28	1375
BUCKNER	0.02	77.29	1376
WHALEN	0.02	77.31	1377
PRITCHARD	0.02	77.32	1378
PIERRE	0.02	77.34	1379
KANG	0.02	77.35	1380
BUTTS	0.02	77.37	1381
METCALF	0.02	77.38	1382
KURTZ	0.02	77.4	1383
SANDERSON	0.02	77.41	1384
TOMPKINS	0.02	77.43	1385
INMAN	0.02	77.44	1386
CROWDER	0.02	77.46	1387
DICKEY	0.02	77.47	1388
HUTCHISON	0.02	77.49	1389
CONKLIN	0.02	77.5	1390
HOSKINS	0.02	77.52	1391
HOLBROOK	0.02	77.53	1392
HORNER	0.02	77.55	1393
NEELY	0.02	77.56	1394
TATUM	0.02	77.58	1395
HOLLINGSWORTH	0.02	77.59	1396
DRAPER	0.02	77.61	1397
CLEMENT	0.02	77.62	1398
LORD	0.02	77.64	1399
REECE	0.02	77.65	1400
FELDMAN	0.02	77.67	1401
KAY	0.02	77.68	1402
HAGEN	0.02	77.7	1403
CREWS	0.02	77.71	1404
BOWLES	0.02	77.73	1405
POST	0.02	77.74	1406
JEWELL	0.02	77.76	1407
DALEY	0.02	77.77	1408
CORDERO	0.02	77.79	1409
MCKINLEY	0.02	77.8	1410
VELASCO	0.02	77.82	1411
MASTERS	0.02	77.83	1412
DRISCOLL	0.02	77.85	1413
BURRELL	0.02	77.86	1414
VALLE	0.02	77.88	1415
CROW	0.02	77.89	1416
DEVINE	0.02	77.91	1417
LARKIN	0.02	77.92	1418
CHAPPELL	0.02	77.94	1419
POLLOCK	0.02	77.95	1420
KIMBALL	0.02	77.97	1421
LY	0.02	77.98	1422
SCHMITZ	0.02	78	1423
LU	0.02	78.01	1424
RUBIN	0.02	78.03	1425
SELF	0.02	78.04	1426
BARRIOS	0.02	78.06	1427
PEREIRA	0.02	78.07	1428
PHIPPS	0.02	78.09	1429
MCMANUS	0.02	78.1	1430
NANCE	0.02	78.12	1431
STEINER	0.02	78.13	1432
POE	0.02	78.15	1433
CROCKETT	0.02	78.16	1434
JEFFRIES	0.02	78.18	1435
AMOS	0.02	78.19	1436
NIX	0.02	78.21	1437
NEWSOME	0.02	78.22	1438
DOOLEY	0.02	78.24	1439
PAYTON	0.02	78.25	1440
ROSEN	0.02	78.27	1441
SWENSON	0.02	78.28	1442
CONNELLY	0.02	78.3	1443
TOLBERT	0.02	78.31	1444
SEGURA	0.02	78.33	1445
ESPOSITO	0.02	78.34	1446
COKER	0.02	78.36	1447
BIGGS	0.02	78.37	1448
HINKLE	0.02	78.39	1449
THURMAN	0.02	78.4	1450
DREW	0.02	78.42	1451
IVEY	0.02	78.43	1452
BULLARD	0.02	78.45	1453
BAEZ	0.02	78.46	1454
NEFF	0.02	78.48	1455
MAHER	0.02	78.49	1456
STRATTON	0.02	78.51	1457
EGAN	0.02	78.52	1458
DUBOIS	0.01	78.54	1459
GALLARDO	0.01	78.55	1460
BLUE	0.01	78.56	1461
RAINEY	0.01	78.58	1462
YEAGER	0.01	78.59	1463
SAUCEDO	0.01	78.61	1464
FERREIRA	0.01	78.62	1465
SPRAGUE	0.01	78.63	1466
LACY	0.01	78.65	1467
HURTADO	0.01	78.66	1468
HEARD	0.01	78.68	1469
CONNELL	0.01	78.69	1470
STAHL	0.01	78.7	1471
ALDRIDGE	0.01	78.72	1472
AMAYA	0.01	78.73	1473
FORREST	0.01	78.75	1474
ERWIN	0.01	78.76	1475
GUNN	0.01	78.77	1476
SWAN	0.01	78.79	1477
BUTCHER	0.01	78.8	1478
ROSADO	0.01	78.82	1479
GODWIN	0.01	78.83	1480
HAND	0.01	78.84	1481
GABRIEL	0.01	78.86	1482
OTTO	0.01	78.87	1483
WHALEY	0.01	78.89	1484
LUDWIG	0.01	78.9	1485
CLIFFORD	0.01	78.91	1486
GROVE	0.01	78.93	1487
BEAVER	0.01	78.94	1488
SILVER	0.01	78.96	1489
DANG	0.01	78.97	1490
HAMMER	0.01	78.98	1491
DICK	0.01	79	1492
BOSWELL	0.01	79.01	1493
MEAD	0.01	79.03	1494
COLVIN	0.01	79.04	1495
OLEARY	0.01	79.05	1496
MILLIGAN	0.01	79.07	1497
GOINS	0.01	79.08	1498
AMES	0.01	79.1	1499
DODGE	0.01	79.11	1500
KAUR	0.01	79.12	1501
ESCOBEDO	0.01	79.14	1502
ARREDONDO	0.01	79.15	1503
GEIGER	0.01	79.17	1504
WINKLER	0.01	79.18	1505
DUNHAM	0.01	79.19	1506
TEMPLE	0.01	79.21	1507
BABCOCK	0.01	79.22	1508
BILLINGS	0.01	79.24	1509
GRIMM	0.01	79.25	1510
LILLY	0.01	79.26	1511
WESLEY	0.01	79.28	1512
MCGHEE	0.01	79.29	1513
PAINTER	0.01	79.31	1514
SIEGEL	0.01	79.32	1515
BOWER	0.01	79.33	1516
PURCELL	0.01	79.35	1517
BLOCK	0.01	79.36	1518
AGUILERA	0.01	79.38	1519
NORWOOD	0.01	79.39	1520
SHERIDAN	0.01	79.4	1521
CARTWRIGHT	0.01	79.42	1522
COATES	0.01	79.43	1523
DAVISON	0.01	79.45	1524
REGAN	0.01	79.46	1525
RAMEY	0.01	79.47	1526
KOENIG	0.01	79.49	1527
KRAFT	0.01	79.5	1528
BUNCH	0.01	79.52	1529
ENGEL	0.01	79.53	1530
TAN	0.01	79.54	1531
WINN	0.01	79.56	1532
STEWARD	0.01	79.57	1533
LINK	0.01	79.59	1534
VICKERS	0.01	79.6	1535
BRAGG	0.01	79.61	1536
PIPER	0.01	79.63	1537
HUGGINS	0.01	79.64	1538
MICHEL	0.01	79.66	1539
HEALY	0.01	79.67	1540
JACOB	0.01	79.68	1541
MCDONOUGH	0.01	79.7	1542
WOLFF	0.01	79.71	1543
COLBERT	0.01	79.73	1544
ZEPEDA	0.01	79.74	1545
HOANG	0.01	79.75	1546
DUGAN	0.01	79.77	1547
KILGORE	0.01	79.78	1548
MEADE	0.01	79.8	1549
GUILLEN	0.01	79.81	1550
DO	0.01	79.82	1551
HINOJOSA	0.01	79.84	1552
GOODE	0.01	79.85	1553
ARRINGTON	0.01	79.87	1554
GARY	0.01	79.88	1555
SNELL	0.01	79.89	1556
WILLARD	0.01	79.91	1557
RENTERIA	0.01	79.92	1558
CHACON	0.01	79.94	1559
GALLO	0.01	79.95	1560
HANKINS	0.01	79.96	1561
MONTANO	0.01	79.98	1562
BROWNE	0.01	79.99	1563
PEACOCK	0.01	80.01	1564
OHARA	0.01	80.02	1565
CORNELL	0.01	80.03	1566
SHERWOOD	0.01	80.05	1567
CASTELLANOS	0.01	80.06	1568
THORPE	0.01	80.08	1569
STILES	0.01	80.09	1570
SADLER	0.01	80.1	1571
LATHAM	0.01	80.12	1572
REDMOND	0.01	80.13	1573
GREENBERG	0.01	80.15	1574
COTE	0.01	80.16	1575
WADDELL	0.01	80.17	1576
DUKES	0.01	80.18	1577
DIAMOND	0.01	80.2	1578
BUI	0.01	80.21	1579
MADRID	0.01	80.22	1580
ALONSO	0.01	80.24	1581
SHEETS	0.01	80.25	1582
IRVIN	0.01	80.26	1583
HURT	0.01	80.28	1584
FERRIS	0.01	80.29	1585
SEWELL	0.01	80.3	1586
CARLTON	0.01	80.31	1587
ARAGON	0.01	80.33	1588
BLACKMON	0.01	80.34	1589
HADLEY	0.01	80.35	1590
HOYT	0.01	80.37	1591
MCGRAW	0.01	80.38	1592
PAGAN	0.01	80.39	1593
LAND	0.01	80.41	1594
TIDWELL	0.01	80.42	1595
LOVELL	0.01	80.43	1596
MINER	0.01	80.44	1597
DOSS	0.01	80.46	1598
DAHL	0.01	80.47	1599
DELATORRE	0.01	80.48	1600
STANFORD	0.01	80.5	1601
KAUFFMAN	0.01	80.51	1602
VELA	0.01	80.52	1603
GAGNON	0.01	80.54	1604
WINSTON	0.01	80.55	1605
GOMES	0.01	80.56	1606
THACKER	0.01	80.57	1607
CORONADO	0.01	80.59	1608
ASH	0.01	80.6	1609
JARRETT	0.01	80.61	1610
HAGER	0.01	80.63	1611
SAMUELS	0.01	80.64	1612
METZGER	0.01	80.65	1613
RAINES	0.01	80.67	1614
SPIVEY	0.01	80.68	1615
MAURER	0.01	80.69	1616
HAN	0.01	80.7	1617
VOSS	0.01	80.72	1618
HENLEY	0.01	80.73	1619
CABALLERO	0.01	80.74	1620
CARUSO	0.01	80.76	1621
COULTER	0.01	80.77	1622
NORTH	0.01	80.78	1623
FINN	0.01	80.8	1624
CAHILL	0.01	80.81	1625
LANIER	0.01	80.82	1626
SOUZA	0.01	80.83	1627
MCWILLIAMS	0.01	80.85	1628
DEAL	0.01	80.86	1629
SCHAFFER	0.01	80.87	1630
URBAN	0.01	80.89	1631
HOUSER	0.01	80.9	1632
CUMMINS	0.01	80.91	1633
ROMO	0.01	80.93	1634
CROCKER	0.01	80.94	1635
BASSETT	0.01	80.95	1636
KRUSE	0.01	80.96	1637
BOLDEN	0.01	80.98	1638
YBARRA	0.01	80.99	1639
METZ	0.01	81	1640
ROOT	0.01	81.02	1641
MCMULLEN	0.01	81.03	1642
CRUMP	0.01	81.04	1643
HAGAN	0.01	81.06	1644
GUIDRY	0.01	81.07	1645
BRANTLEY	0.01	81.08	1646
KEARNEY	0.01	81.09	1647
BEAL	0.01	81.11	1648
TOTH	0.01	81.12	1649
JORGENSEN	0.01	81.13	1650
TIMMONS	0.01	81.15	1651
MILTON	0.01	81.16	1652
TRIPP	0.01	81.17	1653
HURD	0.01	81.19	1654
SAPP	0.01	81.2	1655
WHITMAN	0.01	81.21	1656
MESSER	0.01	81.22	1657
BURGOS	0.01	81.24	1658
MAJOR	0.01	81.25	1659
WESTBROOK	0.01	81.26	1660
CASTLE	0.01	81.28	1661
SERNA	0.01	81.29	1662
CARLISLE	0.01	81.3	1663
VARELA	0.01	81.32	1664
CULLEN	0.01	81.33	1665
WILHELM	0.01	81.34	1666
BERGERON	0.01	81.35	1667
BURGER	0.01	81.37	1668
POSEY	0.01	81.38	1669
BARNHART	0.01	81.39	1670
HACKETT	0.01	81.41	1671
MADRIGAL	0.01	81.42	1672
EUBANKS	0.01	81.43	1673
SIZEMORE	0.01	81.45	1674
HILLIARD	0.01	81.46	1675
HARGROVE	0.01	81.47	1676
BOUCHER	0.01	81.48	1677
THOMASON	0.01	81.5	1678
MELVIN	0.01	81.51	1679
ROPER	0.01	81.52	1680
BARNARD	0.01	81.54	1681
FONSECA	0.01	81.55	1682
PEDERSEN	0.01	81.56	1683
QUIROZ	0.01	81.58	1684
WASHBURN	0.01	81.59	1685
HOLLIDAY	0.01	81.6	1686
YEE	0.01	81.61	1687
RUDOLPH	0.01	81.63	1688
BERMUDEZ	0.01	81.64	1689
COYLE	0.01	81.65	1690
GIL	0.01	81.67	1691
GOODRICH	0.01	81.68	1692
PINA	0.01	81.69	1693
ELIAS	0.01	81.71	1694
LOCKWOOD	0.01	81.72	1695
CABRAL	0.01	81.73	1696
CARRANZA	0.01	81.74	1697
DUVALL	0.01	81.76	1698
CORNELIUS	0.01	81.77	1699
MCCOLLUM	0.01	81.78	1700
STREET	0.01	81.79	1701
MCNEAL	0.01	81.81	1702
CONNORS	0.01	81.82	1703
ANGEL	0.01	81.83	1704
PAULSON	0.01	81.84	1705
HINSON	0.01	81.85	1706
KEENAN	0.01	81.87	1707
SHELDON	0.01	81.88	1708
FARR	0.01	81.89	1709
EDDY	0.01	81.9	1710
SAMUEL	0.01	81.91	1711
LEDBETTER	0.01	81.93	1712
RING	0.01	81.94	1713
BETTS	0.01	81.95	1714
FONTENOT	0.01	81.96	1715
GIFFORD	0.01	81.97	1716
HANNAH	0.01	81.99	1717
HANLEY	0.01	82	1718
PERSON	0.01	82.01	1719
FOUNTAIN	0.01	82.02	1720
LEVIN	0.01	82.03	1721
STUBBS	0.01	82.05	1722
HIGHTOWER	0.01	82.06	1723
MURDOCK	0.01	82.07	1724
KOEHLER	0.01	82.08	1725
MA	0.01	82.09	1726
ENGLE	0.01	82.11	1727
SMILEY	0.01	82.12	1728
CARMICHAEL	0.01	82.13	1729
SHEFFIELD	0.01	82.14	1730
LANGSTON	0.01	82.15	1731
MCCRACKEN	0.01	82.17	1732
YOST	0.01	82.18	1733
TROTTER	0.01	82.19	1734
STORY	0.01	82.2	1735
STARKS	0.01	82.21	1736
LUJAN	0.01	82.23	1737
BLOUNT	0.01	82.24	1738
CODY	0.01	82.25	1739
RUSHING	0.01	82.26	1740
BENOIT	0.01	82.27	1741
HERNDON	0.01	82.29	1742
JACOBSEN	0.01	82.3	1743
NIETO	0.01	82.31	1744
WISEMAN	0.01	82.32	1745
LAYTON	0.01	82.33	1746
EPPS	0.01	82.35	1747
SHIPLEY	0.01	82.36	1748
LEYVA	0.01	82.37	1749
REEDER	0.01	82.38	1750
BRAND	0.01	82.39	1751
ROLAND	0.01	82.41	1752
FITCH	0.01	82.42	1753
RICO	0.01	82.43	1754
NAPIER	0.01	82.44	1755
CRONIN	0.01	82.45	1756
MCQUEEN	0.01	82.47	1757
PAREDES	0.01	82.48	1758
TRENT	0.01	82.49	1759
CHRISTIANSEN	0.01	82.5	1760
PETTIT	0.01	82.51	1761
SPANGLER	0.01	82.53	1762
LANGFORD	0.01	82.54	1763
BENAVIDES	0.01	82.55	1764
PENN	0.01	82.56	1765
PAIGE	0.01	82.57	1766
WEIR	0.01	82.59	1767
DIETZ	0.01	82.6	1768
PRATER	0.01	82.61	1769
BREWSTER	0.01	82.62	1770
LOUIS	0.01	82.63	1771
DIEHL	0.01	82.65	1772
PACK	0.01	82.66	1773
SPAULDING	0.01	82.67	1774
AVILES	0.01	82.68	1775
ERNST	0.01	82.69	1776
NOWAK	0.01	82.71	1777
OLVERA	0.01	82.72	1778
ROCK	0.01	82.73	1779
MANSFIELD	0.01	82.74	1780
AQUINO	0.01	82.75	1781
OGDEN	0.01	82.77	1782
STACY	0.01	82.78	1783
RIZZO	0.01	82.79	1784
SYLVESTER	0.01	82.8	1785
GILLIS	0.01	82.81	1786
SANDS	0.01	82.83	1787
MACHADO	0.01	82.84	1788
LOVETT	0.01	82.85	1789
DUONG	0.01	82.86	1790
HYATT	0.01	82.87	1791
LANDIS	0.01	82.89	1792
PLATT	0.01	82.9	1793
BUSTAMANTE	0.01	82.91	1794
HEDRICK	0.01	82.92	1795
PRITCHETT	0.01	82.93	1796
GASTON	0.01	82.95	1797
DOBSON	0.01	82.96	1798
CAUDILL	0.01	82.97	1799
TACKETT	0.01	82.98	1800
BATEMAN	0.01	82.99	1801
LANDERS	0.01	83.01	1802
CARMONA	0.01	83.02	1803
GIPSON	0.01	83.03	1804
URIBE	0.01	83.04	1805
MCNEILL	0.01	83.05	1806
LEDFORD	0.01	83.07	1807
MIMS	0.01	83.08	1808
ABEL	0.01	83.09	1809
GOLD	0.01	83.1	1810
SMALLWOOD	0.01	83.11	1811
THORNE	0.01	83.13	1812
MCHUGH	0.01	83.14	1813
DICKENS	0.01	83.15	1814
LEUNG	0.01	83.16	1815
TOBIN	0.01	83.17	1816
KOWALSKI	0.01	83.19	1817
MEDEIROS	0.01	83.2	1818
COPE	0.01	83.21	1819
KRAUS	0.01	83.22	1820
QUEZADA	0.01	83.23	1821
OVERTON	0.01	83.25	1822
MONTALVO	0.01	83.26	1823
STALEY	0.01	83.27	1824
WOODY	0.01	83.28	1825
HATHAWAY	0.01	83.29	1826
OSORIO	0.01	83.31	1827
LAIRD	0.01	83.32	1828
DOBBS	0.01	83.33	1829
CAPPS	0.01	83.34	1830
PUTNAM	0.01	83.35	1831
LAY	0.01	83.37	1832
FRANCISCO	0.01	83.38	1833
ADAIR	0.01	83.39	1834
BERNSTEIN	0.01	83.4	1835
HUTTON	0.01	83.41	1836
BURKETT	0.01	83.43	1837
RHOADES	0.01	83.44	1838
RICHEY	0.01	83.45	1839
YANEZ	0.01	83.46	1840
BLEDSOE	0.01	83.47	1841
MCCAIN	0.01	83.49	1842
BEYER	0.01	83.5	1843
CATES	0.01	83.51	1844
ROCHE	0.01	83.52	1845
SPICER	0.01	83.53	1846
QUEEN	0.01	83.55	1847
DOTY	0.01	83.56	1848
DARLING	0.01	83.57	1849
DARBY	0.01	83.58	1850
SUMNER	0.01	83.59	1851
KINCAID	0.01	83.61	1852
HAY	0.01	83.62	1853
GROSSMAN	0.01	83.63	1854
LACEY	0.01	83.64	1855
WILKES	0.01	83.65	1856
HUMPHRIES	0.01	83.66	1857
PAZ	0.01	83.67	1858
DARNELL	0.01	83.69	1859
KEYS	0.01	83.7	1860
KYLE	0.01	83.71	1861
LACKEY	0.01	83.72	1862
VOGT	0.01	83.73	1863
LOCKLEAR	0.01	83.74	1864
KISER	0.01	83.75	1865
PRESLEY	0.01	83.76	1866
BRYSON	0.01	83.77	1867
BERGMAN	0.01	83.78	1868
PEOPLES	0.01	83.8	1869
FAIR	0.01	83.81	1870
MCCLENDON	0.01	83.82	1871
CORLEY	0.01	83.83	1872
PRADO	0.01	83.84	1873
CHRISTIE	0.01	83.85	1874
DELONG	0.01	83.86	1875
SKAGGS	0.01	83.87	1876
DILL	0.01	83.88	1877
SHEARER	0.01	83.89	1878
JUDD	0.01	83.91	1879
STAPLETON	0.01	83.92	1880
FLAHERTY	0.01	83.93	1881
CASILLAS	0.01	83.94	1882
PINTO	0.01	83.95	1883
HAYWOOD	0.01	83.96	1884
YOUNGBLOOD	0.01	83.97	1885
TONEY	0.01	83.98	1886
RICKS	0.01	83.99	1887
GRANADOS	0.01	84	1888
CRUM	0.01	84.02	1889
TRIPLETT	0.01	84.03	1890
SORIANO	0.01	84.04	1891
WAITE	0.01	84.05	1892
HOFF	0.01	84.06	1893
ANAYA	0.01	84.07	1894
CRENSHAW	0.01	84.08	1895
JUNG	0.01	84.09	1896
CANALES	0.01	84.1	1897
CAGLE	0.01	84.11	1898
DENNY	0.01	84.13	1899
MARCUS	0.01	84.14	1900
BERMAN	0.01	84.15	1901
MUNSON	0.01	84.16	1902
OCAMPO	0.01	84.17	1903
BAUMAN	0.01	84.18	1904
CORCORAN	0.01	84.19	1905
KEEN	0.01	84.2	1906
ZIMMER	0.01	84.21	1907
FRIEND	0.01	84.22	1908
ORNELAS	0.01	84.24	1909
VARNER	0.01	84.25	1910
PELLETIER	0.01	84.26	1911
VERNON	0.01	84.27	1912
BLUM	0.01	84.28	1913
ALBRECHT	0.01	84.29	1914
CULVER	0.01	84.3	1915
SCHUSTER	0.01	84.31	1916
CUELLAR	0.01	84.32	1917
MCCORD	0.01	84.33	1918
SHULTZ	0.01	84.35	1919
MCRAE	0.01	84.36	1920
MORELAND	0.01	84.37	1921
CALVERT	0.01	84.38	1922
WILLIAM	0.01	84.39	1923
WHITTINGTON	0.01	84.4	1924
ECKERT	0.01	84.41	1925
KEENE	0.01	84.42	1926
MOHR	0.01	84.43	1927
HANKS	0.01	84.44	1928
KIMBLE	0.01	84.46	1929
CAVANAUGH	0.01	84.47	1930
CROWELL	0.01	84.48	1931
RUSS	0.01	84.49	1932
FELICIANO	0.01	84.5	1933
CRAIN	0.01	84.51	1934
BUSCH	0.01	84.52	1935
MCCORMACK	0.01	84.53	1936
DRUMMOND	0.01	84.54	1937
OMALLEY	0.01	84.55	1938
ALDRICH	0.01	84.57	1939
LUKE	0.01	84.58	1940
GRECO	0.01	84.59	1941
MOTT	0.01	84.6	1942
OAKES	0.01	84.61	1943
MALLORY	0.01	84.62	1944
MCLAIN	0.01	84.63	1945
BURROWS	0.01	84.64	1946
OTERO	0.01	84.65	1947
ALLRED	0.01	84.66	1948
EASON	0.01	84.68	1949
FINNEY	0.01	84.69	1950
WELLER	0.01	84.7	1951
WALDRON	0.01	84.71	1952
CHAMPION	0.01	84.72	1953
JEFFERS	0.01	84.73	1954
COON	0.01	84.74	1955
ROSENTHAL	0.01	84.75	1956
HUDDLESTON	0.01	84.76	1957
SOLANO	0.01	84.77	1958
HIRSCH	0.01	84.79	1959
AKINS	0.01	84.8	1960
OLIVARES	0.01	84.81	1961
SONG	0.01	84.82	1962
SNEED	0.01	84.83	1963
BENEDICT	0.01	84.84	1964
BAIN	0.01	84.85	1965
OKEEFE	0.01	84.86	1966
HIDALGO	0.01	84.87	1967
MATOS	0.01	84.88	1968
STALLINGS	0.01	84.9	1969
PARIS	0.01	84.91	1970
GAMEZ	0.01	84.92	1971
KENNY	0.01	84.93	1972
QUIGLEY	0.01	84.94	1973
MARRERO	0.01	84.95	1974
FAGAN	0.01	84.96	1975
DUTTON	0.01	84.97	1976
ATWOOD	0.01	84.98	1977
PAPPAS	0.01	84.99	1978
BAGLEY	0.01	85.01	1979
MCGOVERN	0.01	85.02	1980
LUNSFORD	0.01	85.03	1981
MOSELEY	0.01	85.04	1982
READ	0.01	85.05	1983
OAKLEY	0.01	85.06	1984
ASHBY	0.01	85.07	1985
GRANGER	0.01	85.08	1986
SHAVER	0.01	85.09	1987
HOPE	0.01	85.1	1988
COE	0.01	85.12	1989
BURROUGHS	0.01	85.13	1990
HELM	0.01	85.14	1991
AMBROSE	0.01	85.15	1992
NEUMANN	0.01	85.16	1993
MICHAELS	0.01	85.17	1994
PRESCOTT	0.01	85.18	1995
LIGHT	0.01	85.19	1996
DUMAS	0.01	85.2	1997
FLOOD	0.01	85.21	1998
STRINGER	0.01	85.23	1999
CURRIE	0.01	85.24	2000
COMER	0.01	85.25	2001
FONG	0.01	85.26	2002
WHITLOCK	0.01	85.27	2003
LEMUS	0.01	85.28	2004
HAWLEY	0.01	85.29	2005
ULRICH	0.01	85.3	2006
STAPLES	0.01	85.31	2007
BOYKIN	0.01	85.32	2008
KNUTSON	0.01	85.34	2009
GROVER	0.01	85.35	2010
HOBSON	0.01	85.36	2011
CORMIER	0.01	85.37	2012
DORAN	0.01	85.38	2013
THAYER	0.01	85.39	2014
WOODSON	0.01	85.4	2015
WHITT	0.01	85.41	2016
HOOKER	0.01	85.42	2017
KOHLER	0.01	85.43	2018
ADDISON	0.01	85.45	2019
VANDYKE	0.01	85.46	2020
SCHRADER	0.01	85.47	2021
HASKINS	0.01	85.48	2022
WHITTAKER	0.01	85.49	2023
MADSEN	0.01	85.5	2024
GAUTHIER	0.01	85.51	2025
BURNETTE	0.01	85.52	2026
KEATING	0.01	85.53	2027
PURVIS	0.01	85.54	2028
ALEMAN	0.01	85.56	2029
HUSTON	0.01	85.57	2030
HAMLIN	0.01	85.58	2031
PIMENTEL	0.01	85.59	2032
GERBER	0.01	85.6	2033
HOOKS	0.01	85.61	2034
SCHWAB	0.01	85.62	2035
HONEYCUTT	0.01	85.63	2036
SCHULTE	0.01	85.64	2037
ALONZO	0.01	85.65	2038
ISAAC	0.01	85.67	2039
CONROY	0.01	85.68	2040
ADLER	0.01	85.69	2041
EASTMAN	0.01	85.7	2042
COTTRELL	0.01	85.71	2043
OROURKE	0.01	85.72	2044
HAWK	0.01	85.73	2045
GOLDSMITH	0.01	85.74	2046
CRANDALL	0.01	85.75	2047
RADER	0.01	85.76	2048
REYNOSO	0.01	85.77	2049
SHOOK	0.01	85.78	2050
ABERNATHY	0.01	85.79	2051
BAER	0.01	85.8	2052
OLIVAS	0.01	85.81	2053
GRAYSON	0.01	85.82	2054
BARTLEY	0.01	85.83	2055
HENNING	0.01	85.84	2056
PARR	0.01	85.85	2057
DUFF	0.01	85.86	2058
BRUNSON	0.01	85.87	2059
BAUM	0.01	85.88	2060
ENNIS	0.01	85.89	2061
LAUGHLIN	0.01	85.9	2062
FOOTE	0.01	85.91	2063
VALADEZ	0.01	85.92	2064
ADAMSON	0.01	85.93	2065
BEGAY	0.01	85.94	2066
STOVALL	0.01	85.95	2067
LINCOLN	0.01	85.96	2068
CHEUNG	0.01	85.97	2069
MALLOY	0.01	85.98	2070
RIDER	0.01	85.99	2071
GIORDANO	0.01	86	2072
JANSEN	0.01	86.01	2073
LOPES	0.01	86.02	2074
ARNETT	0.01	86.03	2075
PENDLETON	0.01	86.04	2076
GAGE	0.01	86.05	2077
BARRAGAN	0.01	86.06	2078
KEYES	0.01	86.07	2079
NAVARRETE	0.01	86.08	2080
AMADOR	0.01	86.09	2081
HOFFMANN	0.01	86.1	2082
HAWTHORNE	0.01	86.11	2083
SCHILLING	0.01	86.12	2084
PERDUE	0.01	86.13	2085
SCHREIBER	0.01	86.14	2086
AREVALO	0.01	86.15	2087
NAYLOR	0.01	86.16	2088
DELUCA	0.01	86.17	2089
MARCUM	0.01	86.18	2090
ALTMAN	0.01	86.19	2091
MARK	0.01	86.2	2092
CHADWICK	0.01	86.21	2093
DOAN	0.01	86.22	2094
EASLEY	0.01	86.23	2095
LADD	0.01	86.24	2096
WOODALL	0.01	86.25	2097
BETANCOURT	0.01	86.26	2098
SHIN	0.01	86.27	2099
MAGUIRE	0.01	86.28	2100
BELLAMY	0.01	86.29	2101
QUINTANILLA	0.01	86.3	2102
HAM	0.01	86.31	2103
SORENSON	0.01	86.32	2104
MATTSON	0.01	86.33	2105
BRENNER	0.01	86.34	2106
MEANS	0.01	86.35	2107
FAUST	0.01	86.36	2108
CALLOWAY	0.01	86.37	2109
OJEDA	0.01	86.38	2110
MCNALLY	0.01	86.39	2111
DIETRICH	0.01	86.4	2112
RANSOM	0.01	86.41	2113
HARE	0.01	86.42	2114
FELTON	0.01	86.43	2115
WHITING	0.01	86.44	2116
BURKHART	0.01	86.45	2117
CLINTON	0.01	86.46	2118
SCHWARZ	0.01	86.47	2119
CLEARY	0.01	86.48	2120
WETZEL	0.01	86.49	2121
REAGAN	0.01	86.5	2122
STJOHN	0.01	86.51	2123
CHOW	0.01	86.52	2124
HAUSER	0.01	86.53	2125
DUPREE	0.01	86.54	2126
BRANNON	0.01	86.55	2127
LYLES	0.01	86.56	2128
PRATHER	0.01	86.57	2129
WILLOUGHBY	0.01	86.58	2130
SEPULVEDA	0.01	86.59	2131
NUGENT	0.01	86.6	2132
PICKENS	0.01	86.61	2133
JOINER	0.01	86.62	2134
MOSHER	0.01	86.63	2135
STONER	0.01	86.64	2136
DOWLING	0.01	86.65	2137
TRIMBLE	0.01	86.66	2138
VALDES	0.01	86.67	2139
CHEEK	0.01	86.68	2140
SCRUGGS	0.01	86.69	2141
COY	0.01	86.7	2142
TILLEY	0.01	86.71	2143
BARNEY	0.01	86.72	2144
SAYLOR	0.01	86.73	2145
NAGY	0.01	86.74	2146
HORVATH	0.01	86.75	2147
LAI	0.01	86.76	2148
COREY	0.01	86.77	2149
RUTH	0.01	86.78	2150
SAUER	0.01	86.79	2151
BARON	0.01	86.8	2152
THAO	0.01	86.81	2153
ROWELL	0.01	86.82	2154
GRUBBS	0.01	86.83	2155
HILLMAN	0.01	86.84	2156
SCHAEFFER	0.01	86.85	2157
SAMS	0.01	86.86	2158
HOGUE	0.01	86.87	2159
HUTSON	0.01	86.88	2160
BUSBY	0.01	86.89	2161
NICKERSON	0.01	86.9	2162
BRUNER	0.01	86.91	2163
PARHAM	0.01	86.92	2164
ANDERS	0.01	86.93	2165
RENDON	0.01	86.94	2166
LOMBARDO	0.01	86.95	2167
IVERSON	0.01	86.96	2168
KINSEY	0.01	86.97	2169
EARL	0.01	86.98	2170
BORDEN	0.01	86.99	2171
JEAN	0.01	87	2172
TITUS	0.01	87.01	2173
TELLEZ	0.01	87.02	2174
BEAVERS	0.01	87.03	2175
CORNETT	0.01	87.04	2176
SOTELO	0.01	87.05	2177
KELLOGG	0.01	87.06	2178
BURNHAM	0.01	87.07	2179
MCNAIR	0.01	87.08	2180
SILVERMAN	0.01	87.09	2181
JERNIGAN	0.01	87.1	2182
ESCAMILLA	0.01	87.11	2183
BARROW	0.01	87.12	2184
COATS	0.01	87.13	2185
LONDON	0.01	87.14	2186
REDDING	0.01	87.15	2187
RUFFIN	0.01	87.16	2188
YI	0.01	87.17	2189
BOUDREAUX	0.01	87.18	2190
GOODSON	0.01	87.19	2191
DOWELL	0.01	87.2	2192
FENTON	0.01	87.21	2193
MOCK	0.01	87.22	2194
DOZIER	0.01	87.23	2195
BYNUM	0.01	87.24	2196
GALE	0.01	87.25	2197
JOLLY	0.01	87.26	2198
BECKMAN	0.01	87.27	2199
GODDARD	0.01	87.28	2200
CRAVEN	0.01	87.29	2201
WHITMORE	0.01	87.3	2202
LEARY	0.01	87.31	2203
MCCLOUD	0.01	87.32	2204
GAMBOA	0.01	87.33	2205
KERNS	0.01	87.34	2206
BRUNNER	0.01	87.35	2207
HOUGH	0.01	87.36	2208
NEGRON	0.01	87.37	2209
CUTLER	0.01	87.38	2210
LEDESMA	0.01	87.39	2211
PYLE	0.01	87.4	2212
MONAHAN	0.01	87.41	2213
TABOR	0.01	87.42	2214
BURK	0.01	87.43	2215
LEONE	0.01	87.44	2216
STAUFFER	0.01	87.45	2217
HAYWARD	0.01	87.46	2218
DRIVER	0.01	87.47	2219
RUFF	0.01	87.48	2220
TALBOT	0.01	87.49	2221
SEALS	0.01	87.5	2222
BOSTON	0.01	87.51	2223
CARBAJAL	0.01	87.52	2224
FAY	0.01	87.53	2225
PURDY	0.01	87.54	2226
MCGREGOR	0.01	87.55	2227
SUN	0.01	87.56	2228
ORELLANA	0.01	87.57	2229
GENTILE	0.01	87.58	2230
MAHAN	0.01	87.59	2231
BROWER	0.01	87.6	2232
PATINO	0.01	87.61	2233
THURSTON	0.01	87.62	2234
SHIPMAN	0.01	87.63	2235
AARON	0.01	87.64	2236
TORREZ	0.01	87.65	2237
CALL	0.01	87.66	2238
WEINER	0.01	87.67	2239
WILBURN	0.01	87.68	2240
OLIVA	0.01	87.69	2241
HAIRSTON	0.01	87.7	2242
COLEY	0.01	87.71	2243
HUMMEL	0.01	87.72	2244
ARREOLA	0.01	87.73	2245
WATT	0.01	87.74	2246
SHARMA	0.01	87.75	2247
LENTZ	0.01	87.76	2248
ARCE	0.01	87.77	2249
POWER	0.01	87.78	2250
LONGORIA	0.01	87.79	2251
WAGONER	0.01	87.8	2252
BURR	0.01	87.81	2253
HSU	0.01	87.82	2254
TINSLEY	0.01	87.83	2255
BEEBE	0.01	87.84	2256
WRAY	0.01	87.85	2257
NUNN	0.01	87.86	2258
PRIETO	0.01	87.87	2259
GERMAN	0.01	87.88	2260
ROWLEY	0.01	87.89	2261
BRITO	0.01	87.9	2262
GRUBB	0.01	87.91	2263
ROYAL	0.01	87.92	2264
VALENTIN	0.01	87.93	2265
BARTHOLOMEW	0.01	87.94	2266
SCHULER	0.01	87.95	2267
ARANDA	0.01	87.96	2268
FLINT	0.01	87.97	2269
HEARN	0.01	87.98	2270
VENEGAS	0.01	87.98	2271
UNGER	0.01	87.99	2272
MATTINGLY	0.01	88	2273
BOLES	0.01	88.01	2274
BARGER	0.01	88.02	2275
CASAS	0.01	88.03	2276
JULIAN	0.01	88.04	2277
DOW	0.01	88.05	2278
DOBBINS	0.01	88.06	2279
VANN	0.01	88.07	2280
CHESTER	0.01	88.07	2281
STRANGE	0.01	88.08	2282
LEMON	0.01	88.09	2283
KAHN	0.01	88.1	2284
MCKINNON	0.01	88.11	2285
GANNON	0.01	88.12	2286
WAGGONER	0.01	88.13	2287
CONN	0.01	88.14	2288
MEEK	0.01	88.15	2289
CAVAZOS	0.01	88.16	2290
SKELTON	0.01	88.16	2291
LO	0.01	88.17	2292
KUMAR	0.01	88.18	2293
TOLEDO	0.01	88.19	2294
LORENZ	0.01	88.2	2295
VALLEJO	0.01	88.21	2296
STARKEY	0.01	88.22	2297
KITCHEN	0.01	88.23	2298
REAVES	0.01	88.24	2299
DEMARCO	0.01	88.25	2300
FARRAR	0.01	88.25	2301
STEARNS	0.01	88.26	2302
MICHAUD	0.01	88.27	2303
HIGGINBOTHAM	0.01	88.28	2304
FERNANDES	0.01	88.29	2305
ISAACS	0.01	88.3	2306
MARION	0.01	88.31	2307
GUILLORY	0.01	88.32	2308
PRIEST	0.01	88.33	2309
MEEHAN	0.01	88.34	2310
OLIVEIRA	0.01	88.34	2311
PALMA	0.01	88.35	2312
OSWALD	0.01	88.36	2313
GALVEZ	0.01	88.37	2314
LOOMIS	0.01	88.38	2315
LIND	0.01	88.39	2316
MENA	0.01	88.4	2317
STCLAIR	0.01	88.41	2318
HINDS	0.01	88.42	2319
REARDON	0.01	88.43	2320
ALLEY	0.01	88.43	2321
BARTH	0.01	88.44	2322
CROOK	0.01	88.45	2323
BLISS	0.01	88.46	2324
NAGEL	0.01	88.47	2325
BANUELOS	0.01	88.48	2326
PARISH	0.01	88.49	2327
HARMAN	0.01	88.5	2328
DOUGLASS	0.01	88.51	2329
KEARNS	0.01	88.52	2330
NEWCOMB	0.01	88.52	2331
MULLIGAN	0.01	88.53	2332
COUGHLIN	0.01	88.54	2333
WAY	0.01	88.55	2334
FOURNIER	0.01	88.56	2335
LAWLER	0.01	88.57	2336
KAMINSKI	0.01	88.58	2337
BARBOUR	0.01	88.59	2338
SOUSA	0.01	88.6	2339
STUMP	0.01	88.61	2340
ALANIZ	0.01	88.61	2341
IRELAND	0.01	88.62	2342
RUDD	0.01	88.63	2343
CARNES	0.01	88.64	2344
LUNDY	0.01	88.65	2345
GODINEZ	0.01	88.66	2346
PULIDO	0.01	88.67	2347
DENNISON	0.01	88.68	2348
BAUMANN	0.01	88.69	2349
BURDICK	0.01	88.7	2350
DOVE	0.01	88.7	2351
STODDARD	0.01	88.71	2352
LIANG	0.01	88.72	2353
DENT	0.01	88.73	2354
ROARK	0.01	88.74	2355
BOWSER	0.01	88.75	2356
MCMAHAN	0.01	88.76	2357
PARNELL	0.01	88.77	2358
MAYBERRY	0.01	88.78	2359
WAKEFIELD	0.01	88.79	2360
ARNDT	0.01	88.79	2361
OGLE	0.01	88.8	2362
WORTHINGTON	0.01	88.81	2363
DURBIN	0.01	88.82	2364
ESCALANTE	0.01	88.83	2365
PEDERSON	0.01	88.84	2366
WELDON	0.01	88.85	2367
VICK	0.01	88.86	2368
KNOTT	0.01	88.87	2369
RYDER	0.01	88.88	2370
ZARATE	0.01	88.88	2371
IRVING	0.01	88.89	2372
CLEMENS	0.01	88.9	2373
SHELLEY	0.01	88.91	2374
SALTER	0.01	88.92	2375
JACK	0.01	88.93	2376
CLOUD	0.01	88.94	2377
DASILVA	0.01	88.95	2378
MUHAMMAD	0.01	88.96	2379
SQUIRES	0.01	88.97	2380
RAPP	0.01	88.97	2381
DAWKINS	0.01	88.98	2382
POLANCO	0.01	88.99	2383
CHATMAN	0.01	89	2384
MAIER	0.01	89.01	2385
YAZZIE	0.01	89.02	2386
GRUBER	0.01	89.03	2387
STATON	0.01	89.04	2388
BLACKMAN	0.01	89.05	2389
MCDONNELL	0.01	89.06	2390
DYKES	0.01	89.06	2391
LAWS	0.01	89.07	2392
WHITTEN	0.01	89.08	2393
PFEIFFER	0.01	89.09	2394
VIDAL	0.01	89.1	2395
EARLY	0.01	89.11	2396
KELSEY	0.01	89.12	2397
BAUGHMAN	0.01	89.13	2398
DIAS	0.01	89.14	2399
STARNES	0.01	89.15	2400
CRESPO	0.01	89.15	2401
KILPATRICK	0.01	89.16	2402
LOMBARDI	0.01	89.17	2403
DEATON	0.01	89.18	2404
SATTERFIELD	0.01	89.19	2405
WILES	0.01	89.2	2406
WEINSTEIN	0.01	89.21	2407
ROWAN	0.01	89.22	2408
DELOSSANTOS	0.01	89.23	2409
HAMBY	0.01	89.24	2410
ESTEP	0.01	89.24	2411
DAIGLE	0.01	89.25	2412
ELAM	0.01	89.26	2413
CREECH	0.01	89.27	2414
CHAVIS	0.01	89.28	2415
HECK	0.01	89.29	2416
ECHOLS	0.01	89.3	2417
FOSS	0.01	89.31	2418
TRAHAN	0.01	89.32	2419
STRAUSS	0.01	89.33	2420
VANHORN	0.01	89.33	2421
WINSLOW	0.01	89.34	2422
REA	0.01	89.35	2423
FAIRCHILD	0.01	89.36	2424
HEATON	0.01	89.37	2425
MINTON	0.01	89.38	2426
HITCHCOCK	0.01	89.39	2427
LINTON	0.01	89.4	2428
HANDY	0.01	89.41	2429
CROUSE	0.01	89.42	2430
COLES	0.01	89.42	2431
FOY	0.01	89.43	2432
UPTON	0.01	89.44	2433
HERRINGTON	0.01	89.45	2434
HWANG	0.01	89.46	2435
MCCLELLAND	0.01	89.47	2436
RECTOR	0.01	89.48	2437
LUTHER	0.01	89.49	2438
KRUGER	0.01	89.5	2439
SALCEDO	0.01	89.51	2440
CHANCE	0.01	89.51	2441
GUNDERSON	0.01	89.52	2442
THARP	0.01	89.53	2443
GRIFFITHS	0.01	89.54	2444
GRAF	0.01	89.55	2445
BRANHAM	0.01	89.56	2446
HUMPHREYS	0.01	89.57	2447
RENNER	0.01	89.58	2448
LIMA	0.01	89.59	2449
ROONEY	0.01	89.6	2450
MOYA	0.01	89.6	2451
ALMEIDA	0.01	89.61	2452
GAVIN	0.01	89.62	2453
COBURN	0.01	89.63	2454
OUELLETTE	0.01	89.64	2455
GOETZ	0.01	89.65	2456
SEAY	0.01	89.66	2457
PARROTT	0.01	89.67	2458
HARMS	0.01	89.68	2459
ROBB	0.01	89.69	2460
STOREY	0.01	89.69	2461
BARBOSA	0.01	89.7	2462
BARRAZA	0.01	89.71	2463
LOYD	0.01	89.72	2464
MERCHANT	0.01	89.73	2465
DONOHUE	0.01	89.74	2466
CARRIER	0.01	89.75	2467
DIGGS	0.01	89.76	2468
CHASTAIN	0.01	89.77	2469
SHERRILL	0.01	89.78	2470
WHIPPLE	0.01	89.78	2471
BRASWELL	0.01	89.79	2472
WEATHERS	0.01	89.8	2473
LINDER	0.01	89.81	2474
CHAPA	0.01	89.82	2475
BOCK	0.01	89.83	2476
OH	0.01	89.84	2477
LOVELACE	0.01	89.85	2478
SAAVEDRA	0.01	89.86	2479
FERRARA	0.01	89.87	2480
CALLAWAY	0.01	89.87	2481
SALMON	0.01	89.88	2482
TEMPLETON	0.01	89.89	2483
CHRISTY	0.01	89.9	2484
HARP	0.01	89.91	2485
DOWD	0.01	89.92	2486
FORRESTER	0.01	89.93	2487
LAWTON	0.01	89.94	2488
EPSTEIN	0.01	89.95	2489
GANT	0.01	89.96	2490
TIERNEY	0.01	89.96	2491
SEAMAN	0.01	89.97	2492
CORRAL	0.01	89.98	2493
DOWDY	0.01	89.99	2494
ZARAGOZA	0.01	90	2495
MORRISSEY	0.01	90.01	2496
ELLER	0.01	90.02	2497
CHAU	0.01	90.03	2498
BREEN	0.01	90.04	2499
HIGH	0.01	90.05	2500
NEWBERRY	0.01	90.05	2501
BEAM	0.01	90.06	2502
YANCEY	0.01	90.07	2503
JARRELL	0.01	90.08	2504
CERDA	0.01	90.09	2505
ELLSWORTH	0.01	90.1	2506
LOFTON	0.01	90.11	2507
THIBODEAUX	0.01	90.12	2508
POOL	0.01	90.13	2509
RINEHART	0.01	90.14	2510
ARTEAGA	0.01	90.14	2511
MARLOW	0.01	90.15	2512
HACKER	0.01	90.16	2513
WILL	0.01	90.17	2514
MACKENZIE	0.01	90.18	2515
HOOK	0.01	90.19	2516
GILLILAND	0.01	90.2	2517
EMMONS	0.01	90.21	2518
PICKERING	0.01	90.21	2519
MEDLEY	0.01	90.22	2520
ANDREW	0.01	90.23	2521
WILLEY	0.01	90.24	2522
SHELL	0.01	90.25	2523
RANDLE	0.01	90.25	2524
BRINKLEY	0.01	90.26	2525
PRUETT	0.01	90.27	2526
TOBIAS	0.01	90.28	2527
EDMONDSON	0.01	90.29	2528
GRIER	0.01	90.29	2529
ASKEW	0.01	90.3	2530
BATISTA	0.01	90.31	2531
SALDIVAR	0.01	90.32	2532
MOELLER	0.01	90.33	2533
AUGUSTINE	0.01	90.33	2534
CHAVARRIA	0.01	90.34	2535
TROYER	0.01	90.35	2536
LAYNE	0.01	90.36	2537
MCNULTY	0.01	90.37	2538
SHANK	0.01	90.37	2539
DESAI	0.01	90.38	2540
HERRMANN	0.01	90.39	2541
HEMPHILL	0.01	90.4	2542
BEARDEN	0.01	90.41	2543
SPEAR	0.01	90.41	2544
KEENER	0.01	90.42	2545
HOLGUIN	0.01	90.43	2546
CULP	0.01	90.44	2547
BRADEN	0.01	90.45	2548
BRISCOE	0.01	90.45	2549
BALES	0.01	90.46	2550
GARVIN	0.01	90.47	2551
STOCKTON	0.01	90.48	2552
ABREU	0.01	90.49	2553
SUGGS	0.01	90.49	2554
MCCARTNEY	0.01	90.5	2555
FERRER	0.01	90.51	2556
RHOADS	0.01	90.52	2557
HA	0.01	90.53	2558
NEVAREZ	0.01	90.53	2559
SINGLETARY	0.01	90.54	2560
CHONG	0.01	90.55	2561
ALCALA	0.01	90.56	2562
CHENEY	0.01	90.57	2563
WESTFALL	0.01	90.57	2564
DAMICO	0.01	90.58	2565
SNODGRASS	0.01	90.59	2566
DEVRIES	0.01	90.6	2567
LOONEY	0.01	90.61	2568
HEIN	0.01	90.61	2569
LYLE	0.01	90.62	2570
LOCKETT	0.01	90.63	2571
JACQUES	0.01	90.64	2572
BARKLEY	0.01	90.65	2573
WAHL	0.01	90.65	2574
APONTE	0.01	90.66	2575
MYRICK	0.01	90.67	2576
BOLIN	0.01	90.68	2577
HOLM	0.01	90.69	2578
SLACK	0.01	90.69	2579
MARTINO	0.01	90.7	2580
SCHERER	0.01	90.71	2581
BACHMAN	0.01	90.72	2582
ELY	0.01	90.73	2583
NESBITT	0.01	90.73	2584
MARROQUIN	0.01	90.74	2585
BOUCHARD	0.01	90.75	2586
MAST	0.01	90.76	2587
JAMESON	0.01	90.77	2588
HILLS	0.01	90.77	2589
MIRELES	0.01	90.78	2590
BUENO	0.01	90.79	2591
PEASE	0.01	90.8	2592
VITALE	0.01	90.81	2593
ALARCON	0.01	90.81	2594
LINARES	0.01	90.82	2595
SCHELL	0.01	90.83	2596
LIPSCOMB	0.01	90.84	2597
ARRIAGA	0.01	90.85	2598
BOURGEOIS	0.01	90.85	2599
BONDS	0.01	90.86	2600
MARKHAM	0.01	90.87	2601
IVY	0.01	90.88	2602
WISNIEWSKI	0.01	90.89	2603
OLDHAM	0.01	90.89	2604
FALLON	0.01	90.9	2605
WENDT	0.01	90.91	2606
JOY	0.01	90.92	2607
STAMPER	0.01	90.93	2608
BABB	0.01	90.93	2609
STEINBERG	0.01	90.94	2610
ASHER	0.01	90.95	2611
FUCHS	0.01	90.96	2612
BLANK	0.01	90.97	2613
WILLETT	0.01	90.97	2614
HEREDIA	0.01	90.98	2615
CROFT	0.01	90.99	2616
LYTLE	0.01	91	2617
LANCE	0.01	91.01	2618
LASSITER	0.01	91.01	2619
BARRIENTOS	0.01	91.02	2620
CONDON	0.01	91.03	2621
BARFIELD	0.01	91.04	2622
DARDEN	0.01	91.05	2623
ARAUJO	0.01	91.05	2624
GUINN	0.01	91.06	2625
NOONAN	0.01	91.07	2626
BURLESON	0.01	91.08	2627
BELANGER	0.01	91.09	2628
MAIN	0.01	91.09	2629
TRAYLOR	0.01	91.1	2630
MESSINA	0.01	91.11	2631
ZEIGLER	0.01	91.12	2632
DANIELSON	0.01	91.13	2633
MILLARD	0.01	91.13	2634
KENYON	0.01	91.14	2635
RADFORD	0.01	91.15	2636
GRAFF	0.01	91.16	2637
BEATY	0.01	91.17	2638
BAGGETT	0.01	91.17	2639
CRISP	0.01	91.18	2640
SALISBURY	0.01	91.19	2641
TROUT	0.01	91.2	2642
LORENZO	0.01	91.21	2643
PARSON	0.01	91.21	2644
GANN	0.01	91.22	2645
GARBER	0.01	91.23	2646
ADCOCK	0.01	91.24	2647
COVARRUBIAS	0.01	91.25	2648
SCALES	0.01	91.25	2649
ACUNA	0.01	91.26	2650
THRASHER	0.01	91.27	2651
CARD	0.01	91.28	2652
VAN	0.01	91.29	2653
MABRY	0.01	91.29	2654
MOHAMED	0.01	91.3	2655
MONTANEZ	0.01	91.31	2656
REDD	0.01	91.32	2657
STOCK	0.01	91.33	2658
WILLINGHAM	0.01	91.33	2659
REDMAN	0.01	91.34	2660
ZAMBRANO	0.01	91.35	2661
GAFFNEY	0.01	91.36	2662
HERR	0.01	91.37	2663
DEVLIN	0.01	91.37	2664
PRINGLE	0.01	91.38	2665
SCHUBERT	0.01	91.39	2666
CASPER	0.01	91.4	2667
HOUCK	0.01	91.41	2668
REES	0.01	91.41	2669
WING	0.01	91.42	2670
EBERT	0.01	91.43	2671
JETER	0.01	91.44	2672
CORNEJO	0.01	91.45	2673
GILLETTE	0.01	91.45	2674
SHOCKLEY	0.01	91.46	2675
AMATO	0.01	91.47	2676
GIRARD	0.01	91.48	2677
LEGGETT	0.01	91.49	2678
CHEATHAM	0.01	91.49	2679
BUSTOS	0.01	91.5	2680
EPPERSON	0.01	91.51	2681
DUBOSE	0.01	91.52	2682
SEITZ	0.01	91.53	2683
EAST	0.01	91.53	2684
FRIAS	0.01	91.54	2685
SCHOFIELD	0.01	91.55	2686
STEEN	0.01	91.56	2687
ORLANDO	0.01	91.57	2688
MYLES	0.01	91.57	2689
CARON	0.01	91.58	2690
GREY	0.01	91.59	2691
DENNEY	0.01	91.6	2692
ONTIVEROS	0.01	91.61	2693
BURDEN	0.01	91.61	2694
JAEGER	0.01	91.62	2695
REICH	0.01	91.63	2696
WITHERSPOON	0.01	91.64	2697
NAJERA	0.01	91.65	2698
FRANTZ	0.01	91.65	2699
HAMMONDS	0.01	91.66	2700
XU	0.01	91.67	2701
LEAVITT	0.01	91.68	2702
GILCHRIST	0.01	91.69	2703
ADAM	0.01	91.69	2704
BARONE	0.01	91.7	2705
FORMAN	0.01	91.71	2706
CEJA	0.01	91.72	2707
RAGSDALE	0.01	91.73	2708
SISK	0.01	91.73	2709
TUBBS	0.01	91.74	2710
ELIZONDO	0.01	91.75	2711
PRESSLEY	0.01	91.76	2712
BOLLINGER	0.01	91.77	2713
LINN	0.01	91.77	2714
HUNTLEY	0.01	91.78	2715
DEWEY	0.01	91.79	2716
GEARY	0.01	91.8	2717
CARLOS	0.01	91.81	2718
RAGLAND	0.01	91.81	2719
MIXON	0.01	91.82	2720
BAUGH	0.01	91.83	2721
MCARTHUR	0.01	91.84	2722
TAM	0.01	91.85	2723
NOBLES	0.01	91.85	2724
CLEVENGER	0.01	91.86	2725
FOUST	0.01	91.87	2726
LUSK	0.01	91.88	2727
COONEY	0.01	91.89	2728
TAMAYO	0.01	91.89	2729
ROBERT	0.01	91.9	2730
LONGO	0.01	91.91	2731
OVERSTREET	0.01	91.92	2732
OGLESBY	0.01	91.93	2733
MACE	0.01	91.93	2734
CHURCHILL	0.01	91.94	2735
MATSON	0.01	91.95	2736
HAMRICK	0.01	91.96	2737
ROCKWELL	0.01	91.97	2738
TRAMMELL	0.01	91.97	2739
WHEATLEY	0.01	91.98	2740
CARRINGTON	0.01	91.99	2741
FERRARO	0.01	92	2742
RALSTON	0.01	92.01	2743
CLANCY	0.01	92.01	2744
MONDRAGON	0.01	92.02	2745
CARL	0.01	92.03	2746
HU	0.01	92.04	2747
HOPSON	0.01	92.05	2748
BREAUX	0.01	92.05	2749
MCCURDY	0.01	92.06	2750
MARES	0.01	92.07	2751
CHISHOLM	0.01	92.08	2752
MAI	0.01	92.09	2753
MATLOCK	0.01	92.09	2754
AIKEN	0.01	92.1	2755
CARY	0.01	92.11	2756
LEMONS	0.01	92.12	2757
ANGUIANO	0.01	92.13	2758
HERRICK	0.01	92.13	2759
CRAWLEY	0.01	92.14	2760
MONTERO	0.01	92.15	2761
HASSAN	0.01	92.16	2762
ARCHULETA	0.01	92.17	2763
COTTER	0.01	92.17	2764
FARIAS	0.01	92.18	2765
PARRIS	0.01	92.19	2766
FELDER	0.01	92.2	2767
LUU	0.01	92.21	2768
PENCE	0.01	92.21	2769
GILMAN	0.01	92.22	2770
KILLIAN	0.01	92.23	2771
NARANJO	0.01	92.24	2772
DUGGAN	0.01	92.25	2773
EASTER	0.01	92.25	2774
SCARBOROUGH	0.01	92.26	2775
SWANN	0.01	92.27	2776
RICKETTS	0.01	92.28	2777
FRANCE	0.01	92.29	2778
BELLO	0.01	92.29	2779
NADEAU	0.01	92.3	2780
STILL	0.01	92.31	2781
RINCON	0.01	92.32	2782
CORNWELL	0.01	92.33	2783
SLADE	0.01	92.33	2784
FIERRO	0.01	92.34	2785
MIZE	0.01	92.35	2786
CHRISTIANSON	0.01	92.36	2787
GREENFIELD	0.01	92.37	2788
MCAFEE	0.01	92.37	2789
LANDRUM	0.01	92.38	2790
ADAME	0.01	92.39	2791
DINH	0.01	92.4	2792
LANKFORD	0.01	92.41	2793
LEWANDOWSKI	0.01	92.41	2794
RUST	0.01	92.42	2795
BUNDY	0.01	92.43	2796
WATERMAN	0.01	92.44	2797
MILNER	0.01	92.45	2798
MCCRARY	0.01	92.45	2799
HITE	0.01	92.46	2800
CURLEY	0.01	92.47	2801
DONALD	0.01	92.48	2802
DUCKWORTH	0.01	92.49	2803
CECIL	0.01	92.49	2804
CARRERA	0.01	92.5	2805
SPEER	0.01	92.51	2806
BIRCH	0.01	92.52	2807
DENSON	0.01	92.53	2808
BECKWITH	0.01	92.53	2809
STACK	0.01	92.54	2810
DURANT	0.01	92.55	2811
DORMAN	0.01	92.56	2812
LANTZ	0.01	92.57	2813
CHRISTMAN	0.01	92.57	2814
SPANN	0.01	92.58	2815
MASTERSON	0.01	92.59	2816
HOSTETLER	0.01	92.6	2817
KOLB	0.01	92.61	2818
BRINK	0.01	92.61	2819
SCANLON	0.01	92.62	2820
NYE	0.01	92.63	2821
BEVERLY	0.01	92.64	2822
WYLIE	0.01	92.65	2823
WOO	0.01	92.65	2824
SPURLOCK	0.01	92.66	2825
SHELBY	0.01	92.67	2826
SOMMER	0.01	92.68	2827
REINHARDT	0.01	92.69	2828
ROBLEDO	0.01	92.69	2829
ASHTON	0.01	92.7	2830
BERTRAND	0.01	92.71	2831
CYR	0.01	92.72	2832
EDGAR	0.01	92.72	2833
DOE	0.01	92.73	2834
HARKINS	0.01	92.74	2835
BRUBAKER	0.01	92.74	2836
STOLL	0.01	92.75	2837
DANGELO	0.01	92.76	2838
ZHOU	0.01	92.77	2839
MOULTON	0.01	92.77	2840
HANNON	0.01	92.78	2841
FALK	0.01	92.79	2842
RAINS	0.01	92.79	2843
BROUGHTON	0.01	92.8	2844
APPLEGATE	0.01	92.81	2845
HUDGINS	0.01	92.82	2846
SLONE	0.01	92.82	2847
FARNSWORTH	0.01	92.83	2848
YOON	0.01	92.84	2849
PERALES	0.01	92.84	2850
REEDY	0.01	92.85	2851
MILAM	0.01	92.86	2852
FRANZ	0.01	92.86	2853
PONDER	0.01	92.87	2854
RICCI	0.01	92.88	2855
FONTAINE	0.01	92.89	2856
IRIZARRY	0.01	92.89	2857
NEW	0.01	92.9	2858
PUENTE	0.01	92.91	2859
SELBY	0.01	92.91	2860
CAZARES	0.01	92.92	2861
DOUGHTY	0.01	92.93	2862
MOFFETT	0.01	92.93	2863
BALDERAS	0.01	92.94	2864
FINE	0.01	92.95	2865
SMALLEY	0.01	92.96	2866
CARLIN	0.01	92.96	2867
TRINH	0.01	92.97	2868
DYSON	0.01	92.98	2869
GALVIN	0.01	92.98	2870
VALDIVIA	0.01	92.99	2871
BENNER	0.01	93	2872
LOW	0.01	93	2873
TURPIN	0.01	93.01	2874
LYMAN	0.01	93.02	2875
BILLINGSLEY	0.01	93.03	2876
MCADAMS	0.01	93.03	2877
CARDWELL	0.01	93.04	2878
FRALEY	0.01	93.05	2879
PATTEN	0.01	93.05	2880
HOLTON	0.01	93.06	2881
SHANKS	0.01	93.07	2882
MCALISTER	0.01	93.07	2883
CANFIELD	0.01	93.08	2884
SAMPLE	0.01	93.09	2885
HARLEY	0.01	93.1	2886
CASON	0.01	93.1	2887
TOMLIN	0.01	93.11	2888
AHMAD	0.01	93.12	2889
COYNE	0.01	93.12	2890
FORTE	0.01	93.13	2891
RIGGINS	0.01	93.14	2892
LITTLEJOHN	0.01	93.14	2893
FORSYTHE	0.01	93.15	2894
BRINSON	0.01	93.16	2895
HALVERSON	0.01	93.17	2896
BACH	0.01	93.17	2897
STUCKEY	0.01	93.18	2898
FALCON	0.01	93.19	2899
TALBERT	0.01	93.19	2900
WENZEL	0.01	93.2	2901
CHAMPAGNE	0.01	93.21	2902
MCHENRY	0.01	93.21	2903
VEST	0.01	93.22	2904
SHACKELFORD	0.01	93.23	2905
ORDONEZ	0.01	93.24	2906
COLLAZO	0.01	93.24	2907
BOLAND	0.01	93.25	2908
SISSON	0.01	93.26	2909
BIGELOW	0.01	93.26	2910
HYMAN	0.01	93.27	2911
WHARTON	0.01	93.28	2912
BRUMFIELD	0.01	93.28	2913
OATES	0.01	93.29	2914
MESA	0.01	93.3	2915
BECKETT	0.01	93.31	2916
MORRELL	0.01	93.31	2917
REIS	0.01	93.32	2918
ALVES	0.01	93.33	2919
CHIU	0.01	93.33	2920
LARUE	0.01	93.34	2921
STREETER	0.01	93.35	2922
GROGAN	0.01	93.35	2923
BLAKELY	0.01	93.36	2924
BROTHERS	0.01	93.37	2925
HATTON	0.01	93.38	2926
KIMBROUGH	0.01	93.38	2927
LAUER	0.01	93.39	2928
WALLIS	0.01	93.4	2929
JETT	0.01	93.4	2930
PEPPER	0.01	93.41	2931
HILDEBRAND	0.01	93.42	2932
RAWLS	0.01	93.42	2933
MELLO	0.01	93.43	2934
NEVILLE	0.01	93.44	2935
BULL	0.01	93.45	2936
STEFFEN	0.01	93.45	2937
BRAXTON	0.01	93.46	2938
COWART	0.01	93.47	2939
SIMPKINS	0.01	93.47	2940
MCNEELY	0.01	93.48	2941
BLALOCK	0.01	93.49	2942
SPAIN	0.01	93.49	2943
SHIPP	0.01	93.5	2944
LINDQUIST	0.01	93.51	2945
BUTTERFIELD	0.01	93.52	2946
OREILLY	0.01	93.52	2947
PERRIN	0.01	93.53	2948
QUALLS	0.01	93.54	2949
EDGE	0.01	93.54	2950
HAVENS	0.01	93.55	2951
LUONG	0.01	93.56	2952
SWITZER	0.01	93.56	2953
TROUTMAN	0.01	93.57	2954
FORTNER	0.01	93.58	2955
TOLLIVER	0.01	93.59	2956
MONK	0.01	93.59	2957
POINDEXTER	0.01	93.6	2958
RUPP	0.01	93.61	2959
FERRY	0.01	93.61	2960
NEGRETE	0.01	93.62	2961
MUSE	0.01	93.63	2962
GRESHAM	0.01	93.63	2963
BEAUCHAMP	0.01	93.64	2964
BARCLAY	0.01	93.65	2965
SCHMID	0.01	93.66	2966
CHUN	0.01	93.66	2967
BRICE	0.01	93.67	2968
FAULK	0.01	93.68	2969
WATTERS	0.01	93.68	2970
BRIONES	0.01	93.69	2971
GUAJARDO	0.01	93.7	2972
HARWOOD	0.01	93.7	2973
GRISSOM	0.01	93.71	2974
HARLOW	0.01	93.72	2975
WHELAN	0.01	93.73	2976
BURDETTE	0.01	93.73	2977
PALUMBO	0.01	93.74	2978
PAULSEN	0.01	93.75	2979
CORRIGAN	0.01	93.75	2980
GARVEY	0.01	93.76	2981
LEVESQUE	0.01	93.77	2982
DOCKERY	0.01	93.77	2983
DELGADILLO	0.01	93.78	2984
GOOCH	0.01	93.79	2985
CAO	0.01	93.8	2986
MULLIN	0.01	93.8	2987
RIDLEY	0.01	93.81	2988
STANFIELD	0.01	93.82	2989
DIAL	0.01	93.82	2990
NORIEGA	0.01	93.83	2991
CEBALLOS	0.01	93.84	2992
NUNES	0.01	93.84	2993
NEWBY	0.01	93.85	2994
BAUMGARTNER	0.01	93.86	2995
HUSSAIN	0.01	93.87	2996
WYMAN	0.01	93.87	2997
CAUSEY	0.01	93.88	2998
GOSSETT	0.01	93.89	2999
NESS	0.01	93.89	3000
WAUGH	0.01	93.9	3001
CHOATE	0.01	93.91	3002
CARMAN	0.01	93.91	3003
DAILY	0.01	93.92	3004
DEVORE	0.01	93.93	3005
IRBY	0.01	93.94	3006
KONG	0.01	93.94	3007
BREEDEN	0.01	93.95	3008
WHATLEY	0.01	93.96	3009
ELLINGTON	0.01	93.96	3010
LAMAR	0.01	93.97	3011
FULTZ	0.01	93.98	3012
BAIR	0.01	93.98	3013
ZIELINSKI	0.01	93.99	3014
COLBY	0.01	94	3015
HOUGHTON	0.01	94.01	3016
GRIGSBY	0.01	94.01	3017
FORTUNE	0.01	94.02	3018
PAXTON	0.01	94.03	3019
MCMILLIAN	0.01	94.03	3020
HAMMONS	0.01	94.04	3021
BRONSON	0.01	94.05	3022
KECK	0.01	94.05	3023
WELLMAN	0.01	94.06	3024
AYRES	0.01	94.07	3025
WHITESIDE	0.01	94.08	3026
MENARD	0.01	94.08	3027
ROUSH	0.01	94.09	3028
WARDEN	0.01	94.1	3029
ESPINO	0.01	94.1	3030
STRAND	0.01	94.11	3031
HAGGERTY	0.01	94.12	3032
BANDA	0.01	94.12	3033
FABIAN	0.01	94.13	3034
KREBS	0.01	94.14	3035
BOWIE	0.01	94.15	3036
BRANSON	0.01	94.15	3037
LENZ	0.01	94.16	3038
BENAVIDEZ	0.01	94.17	3039
KEELER	0.01	94.17	3040
NEWSOM	0.01	94.18	3041
EZELL	0.01	94.19	3042
JEFFREY	0.01	94.19	3043
PULLIAM	0.01	94.2	3044
CLARY	0.01	94.21	3045
BYRNES	0.01	94.22	3046
KOPP	0.01	94.22	3047
BEERS	0.01	94.23	3048
SMALLS	0.01	94.24	3049
GARDINER	0.01	94.24	3050
SOMMERS	0.01	94.25	3051
FENNELL	0.01	94.26	3052
MANCINI	0.01	94.26	3053
OSULLIVAN	0.01	94.27	3054
SEBASTIAN	0.01	94.28	3055
BRUNS	0.01	94.29	3056
GIRON	0.01	94.29	3057
PARENT	0.01	94.3	3058
BOYLES	0.01	94.31	3059
KEEFE	0.01	94.31	3060
MUIR	0.01	94.32	3061
WHEAT	0.01	94.33	3062
SHULER	0.01	94.33	3063
VERGARA	0.01	94.34	3064
PEMBERTON	0.01	94.35	3065
BROWNLEE	0.01	94.36	3066
SOUTH	0.01	94.36	3067
BROCKMAN	0.01	94.37	3068
FANNING	0.01	94.38	3069
ROYER	0.01	94.38	3070
HERZOG	0.01	94.39	3071
MORLEY	0.01	94.4	3072
BETHEA	0.01	94.4	3073
NEEDHAM	0.01	94.41	3074
TONG	0.01	94.42	3075
ROQUE	0.01	94.43	3076
MOJICA	0.01	94.43	3077
BUNN	0.01	94.44	3078
FRANCOIS	0.01	94.45	3079
NOE	0.01	94.45	3080
KUNTZ	0.01	94.46	3081
SNOWDEN	0.01	94.47	3082
WITHERS	0.01	94.47	3083
HARLAN	0.01	94.48	3084
SEIBERT	0.01	94.49	3085
LIMON	0.01	94.5	3086
KIEFER	0.01	94.5	3087
BONE	0.01	94.51	3088
SELL	0.01	94.52	3089
ALLAN	0.01	94.52	3090
SKIDMORE	0.01	94.53	3091
WREN	0.01	94.54	3092
DUNAWAY	0.01	94.54	3093
FINNEGAN	0.01	94.55	3094
MOE	0.01	94.56	3095
WOLFORD	0.01	94.57	3096
SEELEY	0.01	94.57	3097
KROLL	0.01	94.58	3098
LIVELY	0.01	94.59	3099
JANSSEN	0.01	94.59	3100
MONTAGUE	0.01	94.6	3101
RAHMAN	0.01	94.61	3102
BOEHM	0.01	94.61	3103
NETTLES	0.01	94.62	3104
DEES	0.01	94.63	3105
KRIEGER	0.01	94.64	3106
PEEK	0.01	94.64	3107
HERSHBERGER	0.01	94.65	3108
SAGE	0.01	94.66	3109
CUSTER	0.01	94.66	3110
ZHENG	0.01	94.67	3111
OTOOLE	0.01	94.68	3112
ELROD	0.01	94.68	3113
JAIMES	0.01	94.69	3114
SOMERS	0.01	94.7	3115
LIRA	0.01	94.71	3116
NAGLE	0.01	94.71	3117
GROOMS	0.01	94.72	3118
SORIA	0.01	94.73	3119
DRURY	0.01	94.73	3120
KEANE	0.01	94.74	3121
BOSTIC	0.01	94.75	3122
HARTMANN	0.01	94.75	3123
PAULEY	0.01	94.76	3124
MURRELL	0.01	94.77	3125
AGEE	0.01	94.78	3126
MANZO	0.01	94.78	3127
MOREY	0.01	94.79	3128
HAMEL	0.01	94.8	3129
DUNNING	0.01	94.8	3130
TAVARES	0.01	94.81	3131
MCCLOSKEY	0.01	94.82	3132
PLUNKETT	0.01	94.82	3133
MAPLES	0.01	94.83	3134
MARCH	0.01	94.84	3135
ARMENTA	0.01	94.85	3136
WALDROP	0.01	94.85	3137
ESPINAL	0.01	94.86	3138
CHRISTENSON	0.01	94.87	3139
FAJARDO	0.01	94.87	3140
ROBINS	0.01	94.88	3141
BAGWELL	0.01	94.89	3142
MASSIE	0.01	94.89	3143
LEAHY	0.01	94.9	3144
MEDLIN	0.01	94.91	3145
URBINA	0.01	94.92	3146
ZHU	0.01	94.92	3147
PANTOJA	0.01	94.93	3148
BARBEE	0.01	94.94	3149
CLAWSON	0.01	94.94	3150
REITER	0.01	94.95	3151
KO	0.01	94.96	3152
CRIDER	0.01	94.96	3153
MAXEY	0.01	94.97	3154
WORRELL	0.01	94.98	3155
BRACKETT	0.01	94.99	3156
MCLEMORE	0.01	94.99	3157
YOUNGER	0.01	95	3158
HER	0.01	95.01	3159
HARDESTY	0.01	95.01	3160
DANNER	0.01	95.02	3161
RAGAN	0.01	95.03	3162
ALMANZA	0.01	95.03	3163
NIELSON	0.01	95.04	3164
GRABER	0.01	95.05	3165
MCINTIRE	0.01	95.06	3166
GRISWOLD	0.01	95.06	3167
TIRADO	0.01	95.07	3168
SEIFERT	0.01	95.08	3169
VALLES	0.01	95.08	3170
LANEY	0.01	95.09	3171
GUPTA	0.01	95.1	3172
MALIK	0.01	95.1	3173
LIBBY	0.01	95.11	3174
MARVIN	0.01	95.12	3175
KOONTZ	0.01	95.13	3176
MARR	0.01	95.13	3177
KOZLOWSKI	0.01	95.14	3178
LEMKE	0.01	95.15	3179
BRANT	0.01	95.15	3180
PHELAN	0.01	95.16	3181
KEMPER	0.01	95.17	3182
GOODEN	0.01	95.17	3183
BEAULIEU	0.01	95.18	3184
CARDOZA	0.01	95.19	3185
HEALEY	0.01	95.2	3186
HARDWICK	0.01	95.2	3187
ZHAO	0.01	95.21	3188
KITCHENS	0.01	95.22	3189
BOX	0.01	95.22	3190
STEPP	0.01	95.23	3191
COMSTOCK	0.01	95.24	3192
POSTON	0.01	95.24	3193
SAGER	0.01	95.25	3194
CONTI	0.01	95.26	3195
BORGES	0.01	95.27	3196
FARROW	0.01	95.27	3197
ACKER	0.01	95.28	3198
GLASER	0.01	95.29	3199
ANTONIO	0.01	95.29	3200
LENNON	0.01	95.3	3201
GAITHER	0.01	95.31	3202
FREITAS	0.01	95.31	3203
ALICEA	0.01	95.32	3204
MCMILLEN	0.01	95.33	3205
CHAPIN	0.01	95.34	3206
RATCLIFF	0.01	95.34	3207
LERMA	0.01	95.35	3208
SEVERSON	0.01	95.36	3209
WILDE	0.01	95.36	3210
MORTENSEN	0.01	95.37	3211
WINCHESTER	0.01	95.38	3212
FLANNERY	0.01	95.38	3213
VILLASENOR	0.01	95.39	3214
CENTENO	0.01	95.4	3215
BURKHOLDER	0.01	95.41	3216
HORAN	0.01	95.41	3217
MEADOR	0.01	95.42	3218
INGLE	0.01	95.43	3219
ROLDAN	0.01	95.43	3220
ESTRELLA	0.01	95.44	3221
PULLEN	0.01	95.45	3222
NEWKIRK	0.01	95.45	3223
GAYTAN	0.01	95.46	3224
LINDBERG	0.01	95.47	3225
GATLIN	0.01	95.48	3226
WINDHAM	0.01	95.48	3227
BEHRENS	0.01	95.49	3228
STOLTZFUS	0.01	95.5	3229
CINTRON	0.01	95.5	3230
BRODERICK	0.01	95.51	3231
JAIME	0.01	95.52	3232
SOLORZANO	0.01	95.52	3233
VENABLE	0.01	95.53	3234
CULBERTSON	0.01	95.54	3235
GARAY	0.01	95.55	3236
CAPUTO	0.01	95.55	3237
GRANTHAM	0.01	95.56	3238
HANLON	0.01	95.57	3239
PARRY	0.01	95.57	3240
CRIST	0.01	95.58	3241
COSBY	0.01	95.59	3242
SHORE	0.01	95.59	3243
EVERHART	0.01	95.6	3244
DORN	0.01	95.61	3245
ENG	0.01	95.62	3246
TURLEY	0.01	95.62	3247
VALERIO	0.01	95.63	3248
RAND	0.01	95.64	3249
HIATT	0.01	95.64	3250
MOTA	0.01	95.65	3251
JUDGE	0.01	95.66	3252
KINDER	0.01	95.66	3253
COLWELL	0.01	95.67	3254
ASHWORTH	0.01	95.68	3255
TEJEDA	0.01	95.69	3256
SIKES	0.01	95.69	3257
OSHEA	0.01	95.7	3258
WESTMORELAND	0.01	95.7	3259
CULPEPPER	0.01	95.71	3260
FABER	0.01	95.72	3261
LOGSDON	0.01	95.72	3262
FUGATE	0.01	95.73	3263
APODACA	0.01	95.73	3264
LINDLEY	0.01	95.74	3265
SAMSON	0.01	95.75	3266
LILES	0.01	95.75	3267
MCCLANAHAN	0.01	95.76	3268
BURGE	0.01	95.76	3269
VAIL	0.01	95.77	3270
ETHERIDGE	0.01	95.78	3271
BOUDREAU	0.01	95.78	3272
ANDRES	0.01	95.79	3273
NOLL	0.01	95.79	3274
HIGGS	0.01	95.8	3275
SNEAD	0.01	95.81	3276
LAYMAN	0.01	95.81	3277
NOLEN	0.01	95.82	3278
TURK	0.01	95.82	3279
WAYNE	0.01	95.83	3280
BETZ	0.01	95.84	3281
VICTOR	0.01	95.84	3282
LAFFERTY	0.01	95.85	3283
CARBONE	0.01	95.85	3284
SKIPPER	0.01	95.86	3285
ZELLER	0.01	95.87	3286
KASPER	0.01	95.87	3287
DESANTIS	0.01	95.88	3288
FOGLE	0.01	95.88	3289
GANDY	0.01	95.89	3290
MENDENHALL	0.01	95.9	3291
SEWARD	0.01	95.9	3292
GULLEY	0.01	95.91	3293
SCHWEITZER	0.01	95.91	3294
STINE	0.01	95.92	3295
SOWERS	0.01	95.93	3296
DUENAS	0.01	95.93	3297
MONSON	0.01	95.94	3298
BRINKMAN	0.01	95.94	3299
HUBERT	0.01	95.95	3300
MOTLEY	0.01	95.96	3301
PFEIFER	0.01	95.96	3302
WEINBERG	0.01	95.97	3303
EGGLESTON	0.01	95.97	3304
ISOM	0.01	95.98	3305
QUINLAN	0.01	95.99	3306
GILLEY	0.01	95.99	3307
JASSO	0.01	96	3308
LOYA	0.01	96	3309
MULL	0.01	96.01	3310
REICHERT	0.01	96.02	3311
REDDY	0.01	96.02	3312
WIRTH	0.01	96.03	3313
HODGSON	0.01	96.03	3314
STOWE	0.01	96.04	3315
MCCALLUM	0.01	96.05	3316
AHRENS	0.01	96.05	3317
HUEY	0.01	96.06	3318
MATTOX	0.01	96.06	3319
DUPONT	0.01	96.07	3320
AGUAYO	0.01	96.08	3321
PAK	0.01	96.08	3322
TICE	0.01	96.09	3323
ALBA	0.01	96.09	3324
COLBURN	0.01	96.1	3325
CURRIER	0.01	96.11	3326
GASKINS	0.01	96.11	3327
HARDER	0.01	96.12	3328
COHN	0.01	96.12	3329
YOO	0.01	96.13	3330
GARNETT	0.01	96.14	3331
HARTER	0.01	96.14	3332
WENGER	0.01	96.15	3333
CHARLTON	0.01	96.15	3334
LITTLETON	0.01	96.16	3335
MINTER	0.01	96.17	3336
CONE	0.01	96.17	3337
HENRIQUEZ	0.01	96.18	3338
VINES	0.01	96.18	3339
KIMMEL	0.01	96.19	3340
CROOKS	0.01	96.2	3341
CARABALLO	0.01	96.2	3342
SEARCY	0.01	96.21	3343
PEYTON	0.01	96.21	3344
RENFRO	0.01	96.22	3345
GROFF	0.01	96.23	3346
MOUA	0.01	96.23	3347
THORN	0.01	96.24	3348
JAY	0.01	96.24	3349
LEIGH	0.01	96.25	3350
SANBORN	0.01	96.26	3351
WICKER	0.01	96.26	3352
BROOME	0.01	96.27	3353
MARTENS	0.01	96.27	3354
ABNEY	0.01	96.28	3355
FISK	0.01	96.29	3356
ARGUETA	0.01	96.29	3357
UPCHURCH	0.01	96.3	3358
ALDERMAN	0.01	96.3	3359
TISDALE	0.01	96.31	3360
CASTELLANO	0.01	96.32	3361
LEGG	0.01	96.32	3362
BILLS	0.01	96.33	3363
WILBUR	0.01	96.33	3364
DIX	0.01	96.34	3365
MAULDIN	0.01	96.35	3366
ISBELL	0.01	96.35	3367
MEARS	0.01	96.36	3368
LATIMER	0.01	96.36	3369
ASHCRAFT	0.01	96.37	3370
EARLEY	0.01	96.38	3371
TEJADA	0.01	96.38	3372
PARTRIDGE	0.01	96.39	3373
ANGLIN	0.01	96.39	3374
CASWELL	0.01	96.4	3375
EASTON	0.01	96.41	3376
KIRCHNER	0.01	96.41	3377
MEHTA	0.01	96.42	3378
LANHAM	0.01	96.42	3379
BLAYLOCK	0.01	96.43	3380
BINDER	0.01	96.44	3381
CATALANO	0.01	96.44	3382
HANDLEY	0.01	96.45	3383
STORM	0.01	96.45	3384
ALBERTSON	0.01	96.46	3385
FREE	0.01	96.47	3386
TUCK	0.01	96.47	3387
KEEGAN	0.01	96.48	3388
MORIARTY	0.01	96.48	3389
DEXTER	0.01	96.49	3390
MANCUSO	0.01	96.5	3391
ALLARD	0.01	96.5	3392
PINO	0.01	96.51	3393
CHAMBERLIN	0.01	96.51	3394
MOFFITT	0.01	96.52	3395
HAAG	0.01	96.53	3396
SCHOTT	0.01	96.53	3397
AGNEW	0.01	96.54	3398
MALCOLM	0.01	96.54	3399
HALLMAN	0.01	96.55	3400
HECKMAN	0.01	96.56	3401
KARR	0.01	96.56	3402
SOARES	0.01	96.57	3403
ALFONSO	0.01	96.57	3404
TOM	0.01	96.58	3405
WADSWORTH	0.01	96.59	3406
SCHINDLER	0.01	96.59	3407
GARIBAY	0.01	96.6	3408
KUYKENDALL	0.01	96.6	3409
PENNY	0.01	96.61	3410
LITTLEFIELD	0.01	96.62	3411
MCNABB	0.01	96.62	3412
SAM	0.01	96.63	3413
LEA	0.01	96.63	3414
BERRIOS	0.01	96.64	3415
MURRY	0.01	96.65	3416
DEHART	0.01	96.65	3417
REGALADO	0.01	96.66	3418
MOHAMMED	0.01	96.66	3419
COUNTS	0.01	96.67	3420
SOLORIO	0.01	96.68	3421
PRECIADO	0.01	96.68	3422
ARMENDARIZ	0.01	96.69	3423
MARTELL	0.01	96.69	3424
BARKSDALE	0.01	96.7	3425
FRICK	0.01	96.71	3426
HALLER	0.01	96.71	3427
BROYLES	0.01	96.72	3428
DOLL	0.01	96.72	3429
CABLE	0.01	96.73	3430
DELVALLE	0.01	96.74	3431
WEEMS	0.01	96.74	3432
KELLEHER	0.01	96.75	3433
GAGNE	0.01	96.75	3434
ALBERS	0.01	96.76	3435
KUNZ	0.01	96.77	3436
HAWES	0.01	96.77	3437
HOY	0.01	96.78	3438
GUENTHER	0.01	96.78	3439
JOHANSEN	0.01	96.79	3440
CHAFFIN	0.01	96.8	3441
WHITWORTH	0.01	96.8	3442
WYNNE	0.01	96.81	3443
MCMURRAY	0.01	96.81	3444
LUCE	0.01	96.82	3445
FIORE	0.01	96.83	3446
STRAUB	0.01	96.83	3447
MAJORS	0.01	96.84	3448
MCDUFFIE	0.01	96.84	3449
BOHANNON	0.01	96.85	3450
RAWLINGS	0.01	96.86	3451
FREED	0.01	96.86	3452
SUTTER	0.01	96.87	3453
LINDSTROM	0.01	96.87	3454
BUSS	0.01	96.88	3455
LOERA	0.01	96.89	3456
HOYLE	0.01	96.89	3457
WITTE	0.01	96.9	3458
TYREE	0.01	96.9	3459
LUTTRELL	0.01	96.91	3460
ANDRUS	0.01	96.92	3461
STEED	0.01	96.92	3462
THIEL	0.01	96.93	3463
CRANFORD	0.01	96.93	3464
FULMER	0.01	96.94	3465
GABLE	0.01	96.95	3466
PORRAS	0.01	96.95	3467
WEIS	0.01	96.96	3468
MAAS	0.01	96.96	3469
PACKARD	0.01	96.97	3470
NOYES	0.01	96.98	3471
KWON	0.01	96.98	3472
KNOLL	0.01	96.99	3473
MARX	0.01	96.99	3474
FEENEY	0.01	97	3475
ISRAEL	0.01	97.01	3476
BOHN	0.01	97.01	3477
COCKRELL	0.01	97.02	3478
GLICK	0.01	97.02	3479
COSGROVE	0.01	97.03	3480
KEEFER	0.01	97.04	3481
MUNDY	0.01	97.04	3482
BATCHELOR	0.01	97.05	3483
LOVELESS	0.01	97.05	3484
HOROWITZ	0.01	97.06	3485
HASKELL	0.01	97.07	3486
KUNKEL	0.01	97.07	3487
COLSON	0.01	97.08	3488
HEDGES	0.01	97.08	3489
STAGGS	0.01	97.09	3490
SWISHER	0.01	97.1	3491
LOMELI	0.01	97.1	3492
PADRON	0.01	97.11	3493
COTA	0.01	97.11	3494
HOMAN	0.01	97.12	3495
MUSSER	0.01	97.13	3496
CURTIN	0.01	97.13	3497
SALERNO	0.01	97.14	3498
SEGOVIA	0.01	97.14	3499
KEETON	0.01	97.15	3500
BRANDENBURG	0.01	97.16	3501
STARLING	0.01	97.16	3502
TSAI	0.01	97.17	3503
MAHON	0.01	97.17	3504
KLINGER	0.01	97.18	3505
PAQUETTE	0.01	97.19	3506
HADDAD	0.01	97.19	3507
MCCUNE	0.01	97.2	3508
MATHEW	0.01	97.2	3509
HIGDON	0.01	97.21	3510
SHULL	0.01	97.22	3511
GUEST	0.01	97.22	3512
SHAY	0.01	97.23	3513
SWAFFORD	0.01	97.23	3514
ANGULO	0.01	97.24	3515
HACKNEY	0.01	97.25	3516
EVERS	0.01	97.25	3517
SIBLEY	0.01	97.26	3518
WOODWORTH	0.01	97.26	3519
OSTRANDER	0.01	97.27	3520
MANGUM	0.01	97.28	3521
SMYTH	0.01	97.28	3522
QUARLES	0.01	97.29	3523
MCCARTER	0.01	97.29	3524
CLOSE	0.01	97.3	3525
TRUITT	0.01	97.31	3526
STPIERRE	0.01	97.31	3527
MACKAY	0.01	97.32	3528
BAYER	0.01	97.32	3529
TIMM	0.01	97.33	3530
THATCHER	0.01	97.34	3531
BESS	0.01	97.34	3532
TRINIDAD	0.01	97.35	3533
JACOBY	0.01	97.35	3534
PROFFITT	0.01	97.36	3535
CONCEPCION	0.01	97.37	3536
PARKINSON	0.01	97.37	3537
CARREON	0.01	97.38	3538
RAMON	0.01	97.38	3539
MONROY	0.01	97.39	3540
LEGER	0.01	97.4	3541
GLYNN	0.01	97.4	3542
JAUREGUI	0.01	97.41	3543
NEIL	0.01	97.41	3544
TAGGART	0.01	97.42	3545
REDDICK	0.01	97.43	3546
WIESE	0.01	97.43	3547
DOVER	0.01	97.44	3548
WICKS	0.01	97.44	3549
HENNESSY	0.01	97.45	3550
BITTNER	0.01	97.46	3551
MCCLUNG	0.01	97.46	3552
MCWHORTER	0.01	97.47	3553
DERRICK	0.01	97.47	3554
STROM	0.01	97.48	3555
BECKHAM	0.01	97.49	3556
KEE	0.01	97.49	3557
COOMBS	0.01	97.5	3558
HOLTZ	0.01	97.5	3559
SCHROCK	0.01	97.51	3560
MAKI	0.01	97.52	3561
WILLSON	0.01	97.52	3562
HULSEY	0.01	97.53	3563
WHITSON	0.01	97.53	3564
HAUGEN	0.01	97.54	3565
LUMPKIN	0.01	97.55	3566
SCHOLL	0.01	97.55	3567
GALL	0.01	97.56	3568
CARVALHO	0.01	97.56	3569
KOVACH	0.01	97.57	3570
VIEIRA	0.01	97.58	3571
IRVINE	0.01	97.58	3572
MILLAN	0.01	97.59	3573
HELD	0.01	97.59	3574
JOLLEY	0.01	97.6	3575
JASPER	0.01	97.61	3576
CADENA	0.01	97.61	3577
RUNYON	0.01	97.62	3578
LOMAX	0.01	97.62	3579
FAHEY	0.01	97.63	3580
HOPPE	0.01	97.64	3581
BIVENS	0.01	97.64	3582
RUGGIERO	0.01	97.65	3583
HUSSEY	0.01	97.65	3584
AINSWORTH	0.01	97.66	3585
HARDMAN	0.01	97.67	3586
DUGGER	0.01	97.67	3587
ULLOA	0.01	97.68	3588
FITZSIMMONS	0.01	97.68	3589
SCROGGINS	0.01	97.69	3590
SOWELL	0.01	97.7	3591
TOLER	0.01	97.7	3592
BARBA	0.01	97.71	3593
BIDDLE	0.01	97.71	3594
RAFFERTY	0.01	97.72	3595
TRAPP	0.01	97.73	3596
BYLER	0.01	97.73	3597
BRILL	0.01	97.74	3598
DELAGARZA	0.01	97.74	3599
THIGPEN	0.01	97.75	3600
HILLER	0.01	97.76	3601
MARTINS	0.01	97.76	3602
FINDLEY	0.01	97.77	3603
HOLLINS	0.01	97.77	3604
JANKOWSKI	0.01	97.78	3605
STULL	0.01	97.79	3606
POLLACK	0.01	97.79	3607
POIRIER	0.01	97.8	3608
BRATTON	0.01	97.8	3609
RENO	0.01	97.81	3610
JEFFERY	0.01	97.82	3611
MENENDEZ	0.01	97.82	3612
MCNUTT	0.01	97.83	3613
KOHL	0.01	97.83	3614
FORSTER	0.01	97.84	3615
CLOUGH	0.01	97.85	3616
DELOACH	0.01	97.85	3617
BADER	0.01	97.86	3618
HANES	0.01	97.86	3619
STURM	0.01	97.87	3620
TAFOYA	0.01	97.88	3621
BEALL	0.01	97.88	3622
COBLE	0.01	97.89	3623
DEMERS	0.01	97.89	3624
KOHN	0.01	97.9	3625
SANTAMARIA	0.01	97.91	3626
VAUGHT	0.01	97.91	3627
CORREIA	0.01	97.92	3628
MCGREW	0.01	97.92	3629
ROBY	0.01	97.93	3630
SARMIENTO	0.01	97.94	3631
REINHART	0.01	97.94	3632
ROSENBAUM	0.01	97.95	3633
BERNIER	0.01	97.95	3634
SCHILLER	0.01	97.96	3635
FURMAN	0.01	97.97	3636
GRABOWSKI	0.01	97.97	3637
PERRYMAN	0.01	97.98	3638
KIDWELL	0.01	97.98	3639
SABO	0.01	97.99	3640
SAXTON	0.01	98	3641
NOLAND	0.01	98	3642
SEATON	0.01	98.01	3643
PACKER	0.01	98.01	3644
SEAL	0.01	98.02	3645
RUBY	0.01	98.03	3646
SMOOT	0.01	98.03	3647
LAVOIE	0.01	98.04	3648
PUTMAN	0.01	98.04	3649
FAIRBANKS	0.01	98.05	3650
NEILL	0.01	98.06	3651
FLORENCE	0.01	98.06	3652
BEATTIE	0.01	98.07	3653
TARVER	0.01	98.07	3654
STEPHEN	0.01	98.08	3655
BOLEN	0.01	98.09	3656
MCCOMBS	0.01	98.09	3657
BARNHILL	0.01	98.1	3658
FREEDMAN	0.01	98.1	3659
GADDIS	0.01	98.11	3660
GOAD	0.01	98.12	3661
WORDEN	0.01	98.12	3662
CANADA	0.01	98.13	3663
CALVIN	0.01	98.13	3664
VICKERY	0.01	98.14	3665
MCCLINTOCK	0.01	98.15	3666
SLOCUM	0.01	98.15	3667
CLAUSEN	0.01	98.16	3668
MCCUTCHEON	0.01	98.16	3669
RIPLEY	0.01	98.17	3670
RAZO	0.01	98.18	3671
SOUTHARD	0.01	98.18	3672
BOURNE	0.01	98.19	3673
AIELLO	0.01	98.19	3674
KNUDSEN	0.01	98.2	3675
ANGELES	0.01	98.21	3676
KEENEY	0.01	98.21	3677
STACEY	0.01	98.22	3678
NEELEY	0.01	98.22	3679
HOLLY	0.01	98.23	3680
GALLANT	0.01	98.24	3681
EADS	0.01	98.24	3682
LAFLEUR	0.01	98.25	3683
FREDRICKSON	0.01	98.25	3684
POPP	0.01	98.26	3685
BOBO	0.01	98.27	3686
PARDO	0.01	98.27	3687
ARTIS	0.01	98.28	3688
LAWLESS	0.01	98.28	3689
SHEN	0.01	98.29	3690
HEADLEY	0.01	98.3	3691
PEDRAZA	0.01	98.3	3692
PICKARD	0.01	98.31	3693
SALVADOR	0.01	98.31	3694
HOFMANN	0.01	98.32	3695
DAVEY	0.01	98.33	3696
SZYMANSKI	0.01	98.33	3697
DALLAS	0.01	98.34	3698
ERB	0.01	98.34	3699
PEREA	0.01	98.35	3700
ALCANTAR	0.01	98.36	3701
ASHFORD	0.01	98.36	3702
CRUTCHFIELD	0.01	98.37	3703
HARRY	0.01	98.37	3704
GOEBEL	0.01	98.38	3705
RIDGEWAY	0.01	98.39	3706
MCVEY	0.01	98.39	3707
CORDELL	0.01	98.4	3708
FLOREZ	0.01	98.4	3709
KOVACS	0.01	98.41	3710
CALKINS	0.01	98.42	3711
REDDEN	0.01	98.42	3712
RICKER	0.01	98.43	3713
FARRINGTON	0.01	98.43	3714
SALCIDO	0.01	98.44	3715
REIMER	0.01	98.45	3716
MULLIS	0.01	98.45	3717
MAYHEW	0.01	98.46	3718
REGISTER	0.01	98.46	3719
KAYE	0.01	98.47	3720
BLOCKER	0.01	98.48	3721
BUFORD	0.01	98.48	3722
MUNGUIA	0.01	98.49	3723
CADY	0.01	98.49	3724
BURLEY	0.01	98.5	3725
SANDER	0.01	98.51	3726
ROBINETTE	0.01	98.51	3727
STUBBLEFIELD	0.01	98.52	3728
SHUMAN	0.01	98.52	3729
LOY	0.01	98.53	3730
SANTILLAN	0.01	98.54	3731
DEUTSCH	0.01	98.54	3732
SALES	0.01	98.55	3733
LANGDON	0.01	98.55	3734
MAZUR	0.01	98.56	3735
CLAPP	0.01	98.57	3736
TEAL	0.01	98.57	3737
BUFFINGTON	0.01	98.58	3738
ELLIOT	0.01	98.58	3739
HALSTEAD	0.01	98.59	3740
STURGEON	0.01	98.6	3741
COLLEY	0.01	98.6	3742
KOEHN	0.01	98.61	3743
BERGSTROM	0.01	98.61	3744
DUNNE	0.01	98.62	3745
POND	0.01	98.63	3746
GANTT	0.01	98.63	3747
COUSINS	0.01	98.64	3748
VIERA	0.01	98.64	3749
WILKS	0.01	98.65	3750
HAASE	0.01	98.66	3751
SWEAT	0.01	98.66	3752
SIMONSON	0.01	98.67	3753
BREEDLOVE	0.01	98.67	3754
MUNN	0.01	98.68	3755
PITT	0.01	98.69	3756
FAIRCLOTH	0.01	98.69	3757
PETER	0.01	98.7	3758
WHEATON	0.01	98.7	3759
HOWLAND	0.01	98.71	3760
MERRIMAN	0.01	98.72	3761
BURNEY	0.01	98.72	3762
FUSCO	0.01	98.73	3763
BEDFORD	0.01	98.73	3764
BALTAZAR	0.01	98.74	3765
PERSAUD	0.01	98.75	3766
GERARD	0.01	98.75	3767
BOURQUE	0.01	98.76	3768
CHAO	0.01	98.76	3769
SLAGLE	0.01	98.77	3770
KIRSCH	0.01	98.78	3771
VOLK	0.01	98.78	3772
HEIM	0.01	98.79	3773
GLASGOW	0.01	98.79	3774
BORDERS	0.01	98.8	3775
RAUCH	0.01	98.81	3776
GOFORTH	0.01	98.81	3777
BATSON	0.01	98.82	3778
BASHAM	0.01	98.82	3779
MOUNT	0.01	98.83	3780
PEACE	0.01	98.84	3781
LAZO	0.01	98.84	3782
SAMPLES	0.01	98.85	3783
AMARO	0.01	98.85	3784
IBRAHIM	0.01	98.86	3785
SLATTERY	0.01	98.87	3786
TAFT	0.01	98.87	3787
WEATHERFORD	0.01	98.88	3788
APARICIO	0.01	98.88	3789
SANTORO	0.01	98.89	3790
JIANG	0.01	98.9	3791
RITCHEY	0.01	98.9	3792
GOBLE	0.01	98.91	3793
SPRING	0.01	98.91	3794
STRAIN	0.01	98.92	3795
SCULLY	0.01	98.93	3796
VILLAREAL	0.01	98.93	3797
TORO	0.01	98.94	3798
DUVAL	0.01	98.94	3799
JONAS	0.01	98.95	3800
NEUMAN	0.01	98.96	3801
DELL	0.01	98.96	3802
VARNEY	0.01	98.97	3803
WOZNIAK	0.01	98.97	3804
CONOVER	0.01	98.98	3805
LANDON	0.01	98.99	3806
SIGLER	0.01	98.99	3807
GALBRAITH	0.01	99	3808
BOSS	0.01	99	3809
CEPEDA	0.01	99.01	3810
BACK	0.01	99.02	3811
MATEO	0.01	99.02	3812
PEEBLES	0.01	99.03	3813
ARSENAULT	0.01	99.03	3814
CATHEY	0.01	99.04	3815
CALABRESE	0.01	99.05	3816
DODDS	0.01	99.05	3817
GILBERTSON	0.01	99.06	3818
GREENLEE	0.01	99.06	3819
HOKE	0.01	99.07	3820
SAUCEDA	0.01	99.08	3821
VUE	0.01	99.08	3822
LEHMANN	0.01	99.09	3823
LAPOINTE	0.01	99.09	3824
LASTER	0.01	99.1	3825
ZINK	0.01	99.11	3826
MOY	0.01	99.11	3827
AMMONS	0.01	99.12	3828
LLAMAS	0.01	99.12	3829
FOLTZ	0.01	99.13	3830
CHEW	0.01	99.14	3831
FLECK	0.01	99.14	3832
AMARAL	0.01	99.15	3833
GEER	0.01	99.15	3834
SU	0.01	99.16	3835
CARDEN	0.01	99.16	3836
NUNLEY	0.01	99.17	3837
CREEL	0.01	99.17	3838
CLARKSON	0.01	99.18	3839
PROVOST	0.01	99.18	3840
COVEY	0.01	99.19	3841
PAINE	0.01	99.19	3842
WOFFORD	0.01	99.2	3843
FRAME	0.01	99.2	3844
DUBE	0.01	99.21	3845
GRICE	0.01	99.21	3846
TULLY	0.01	99.22	3847
BARTELS	0.01	99.22	3848
LUCIANO	0.01	99.23	3849
MOLNAR	0.01	99.23	3850
WINSTEAD	0.01	99.24	3851
CANADY	0.01	99.24	3852
MOREAU	0.01	99.25	3853
BURNSIDE	0.01	99.25	3854
BRATCHER	0.01	99.26	3855
INFANTE	0.01	99.26	3856
PETERMAN	0.01	99.27	3857
SWOPE	0.01	99.27	3858
FREELAND	0.01	99.28	3859
VETTER	0.01	99.28	3860
LANNING	0.01	99.29	3861
MARQUIS	0.01	99.29	3862
SCHULZE	0.01	99.3	3863
THAI	0.01	99.3	3864
COPPOLA	0.01	99.31	3865
RAYBURN	0.01	99.31	3866
CONTE	0.01	99.32	3867
MARTZ	0.01	99.32	3868
SHOWALTER	0.01	99.33	3869
BANDY	0.01	99.33	3870
QUINONEZ	0.01	99.34	3871
BUNTING	0.01	99.34	3872
RAO	0.01	99.35	3873
BELT	0.01	99.35	3874
CRUSE	0.01	99.36	3875
HAMBLIN	0.01	99.36	3876
HIMES	0.01	99.37	3877
RANEY	0.01	99.37	3878
MERRELL	0.01	99.38	3879
SEE	0.01	99.38	3880
GOUGH	0.01	99.39	3881
MACIEL	0.01	99.39	3882
WIMBERLY	0.01	99.4	3883
CRADDOCK	0.01	99.4	3884
MARQUARDT	0.01	99.41	3885
WENTZ	0.01	99.41	3886
MEEKER	0.01	99.42	3887
SANDBERG	0.01	99.42	3888
MOSIER	0.01	99.43	3889
WASSON	0.01	99.43	3890
HUNDLEY	0.01	99.44	3891
JOE	0.01	99.44	3892
SHUMAKER	0.01	99.45	3893
EMBRY	0.01	99.45	3894
FORTIN	0.01	99.46	3895
AKIN	0.01	99.46	3896
OLIVAREZ	0.01	99.47	3897
SEIDEL	0.01	99.47	3898
COONS	0.01	99.48	3899
CORRALES	0.01	99.48	3900
EARLE	0.01	99.49	3901
MATHENY	0.01	99.49	3902
KISH	0.01	99.5	3903
OUTLAW	0.01	99.5	3904
BARNETTE	0.01	99.51	3905
LIEBERMAN	0.01	99.51	3906
SPALDING	0.01	99.52	3907
MARTEL	0.01	99.52	3908
HARGIS	0.01	99.53	3909
KELSO	0.01	99.53	3910
MERRICK	0.01	99.54	3911
FULLERTON	0.01	99.54	3912
FRIES	0.01	99.55	3913
DOUCETTE	0.01	99.55	3914
CLOUSE	0.01	99.56	3915
PREWITT	0.01	99.56	3916
HAWKS	0.01	99.57	3917
KEATON	0.01	99.57	3918
WORTHY	0.01	99.58	3919
ZOOK	0.01	99.58	3920
MONTEZ	0.01	99.59	3921
AUTRY	0.01	99.59	3922
POORE	0.01	99.6	3923
LEMAY	0.01	99.6	3924
FORSYTH	0.01	99.61	3925
SHIFFLETT	0.01	99.61	3926
BRISENO	0.01	99.62	3927
PIAZZA	0.01	99.62	3928
WELKER	0.01	99.63	3929
TENNANT	0.01	99.63	3930
HAGGARD	0.01	99.64	3931
HEINZ	0.01	99.64	3932
LEIGHTON	0.01	99.65	3933
BRITTAIN	0.01	99.65	3934
BEGLEY	0.01	99.66	3935
FLANDERS	0.01	99.66	3936
HERMANN	0.01	99.67	3937
BOTELLO	0.01	99.67	3938
MATHIAS	0.01	99.68	3939
HOFER	0.01	99.68	3940
HUTTO	0.01	99.69	3941
GODOY	0.01	99.69	3942
CAVE	0.01	99.7	3943
PAGANO	0.01	99.7	3944
ASBURY	0.01	99.71	3945
BOWENS	0.01	99.71	3946
WITHROW	0.01	99.72	3947
OLIVO	0.01	99.72	3948
HARBIN	0.01	99.73	3949
ANDRE	0.01	99.73	3950
SANDLIN	0.01	99.74	3951
WERTZ	0.01	99.74	3952
DESIMONE	0.01	99.75	3953
GREINER	0.01	99.75	3954
HEINRICH	0.01	99.76	3955
WHITCOMB	0.01	99.76	3956
DAYTON	0.01	99.77	3957
PETRIE	0.01	99.77	3958
HAIR	0.01	99.78	3959
KETCHUM	0.01	99.78	3960
BIANCO	0.01	99.79	3961
COCHRANE	0.01	99.79	3962
HEIL	0.01	99.8	3963
SHANAHAN	0.01	99.8	3964
DAGOSTINO	0.01	99.81	3965
WEGNER	0.01	99.81	3966
COUTURE	0.01	99.82	3967
LING	0.01	99.82	3968
WINGATE	0.01	99.83	3969
ARENAS	0.01	99.83	3970
KEEL	0.01	99.84	3971
CASTEEL	0.01	99.84	3972
BOOTHE	0.01	99.85	3973
DEROSA	0.01	99.85	3974
HORST	0.01	99.86	3975
RAU	0.01	99.86	3976
MCCORKLE	0.01	99.87	3977
PALERMO	0.01	99.87	3978
ALTAMIRANO	0.01	99.88	3979
NALL	0.01	99.88	3980
SHUMATE	0.01	99.89	3981
LIGHTFOOT	0.01	99.89	3982
CREAMER	0.01	99.9	3983
ROMEO	0.01	99.9	3984
COFFIN	0.01	99.91	3985
HUTCHINGS	0.01	99.91	3986
JEROME	0.01	99.92	3987
HUTCHESON	0.01	99.92	3988
DAMRON	0.01	99.93	3989
SORRELL	0.01	99.93	3990
NICKEL	0.01	99.94	3991
SELLS	0.01	99.94	3992
PINKERTON	0.01	99.95	3993
DAO	0.01	99.95	3994
DION	0.01	99.96	3995
MCFARLANE	0.01	99.96	3996
ATWELL	0.01	99.97	3997
RIDENOUR	0.01	99.97	3998
STURGILL	0.01	99.98	3999
SCHOEN	0.01	99.98	4000
